Date,Name,Item
2024-04-09,Jensin,Band of Unanswered Prayers
2024-04-09,Puppiez,Band of Unnatural Forces
2024-04-09,Vanishh,Band of Unnatural Forces
2024-04-09,Prunes,Brimstone Staff
2024-04-09,Prunes,Brimstone Staff
2024-04-09,Fondlebishop,Cloak of Suturing
2024-04-09,Skiiska,Cloak of the Necropolis
2024-04-09,Stickyricky,Cloak of the Necropolis
2024-04-09,Waumbek,Cryptfiend Silk Cloak
2024-04-09,Fondlebishop,Desecrated Circlet
2024-04-09,Jetrho,Desecrated Headpiece
2024-04-09,Dangugly,Desecrated Robe
2024-04-09,Jensin,Desecrated Robe
2024-04-09,Miltonmane,Desecrated Tunic
2024-04-09,Onefiftyone,Eye of the Dead
2024-04-09,Onefiftyone,Eye of the Dead
2024-04-09,Antimercy,Ghoul Skin Tunic
2024-04-09,Iggysmallz,Girdle of the Mentor
2024-04-09,Mistaveeb,Girdle of the Mentor
2024-04-09,Pogg,Girdle of the Mentor
2024-04-09,Yagå,Girdle of the Mentor
2024-04-09,Bli,Hammer of the Twisting Nether
2024-04-09,Bli,Hammer of the Twisting Nether
2024-04-09,Miltonmane,Hammer of the Twisting Nether
2024-04-09,Farquaad,Harbinger of Doom
2024-04-09,Farquaad,Harbinger of Doom
2024-04-09,Alpineey,"Iblis, Blade of the Fallen Seraph"
2024-04-09,Checkursix,"Iblis, Blade of the Fallen Seraph"
2024-04-09,Nearl,Kingsfall
2024-04-09,Nearl,Kingsfall
2024-04-09,Puppiez,Kingsfall
2024-04-09,Ábrams,Kingsfall
2024-04-09,Abusementprk,Kiss of the Spider
2024-04-09,Checkursix,Kiss of the Spider
2024-04-09,Chims,Kiss of the Spider
2024-04-09,Chims,Kiss of the Spider
2024-04-09,Mcballs,Kiss of the Spider
2024-04-09,Nineteenalt,Kiss of the Spider
2024-04-09,Nineteenalt,Kiss of the Spider
2024-04-09,Outbreak,Kiss of the Spider
2024-04-09,Antimercy,Leggings of Apocalypse
2024-04-09,Bojjo,Leggings of Polarity
2024-04-09,Alpineey,Legplates of Carnage
2024-04-09,Airz,Might of Menethil
2024-04-09,Airz,Might of Menethil
2024-04-09,Spach,Might of Menethil
2024-04-09,Waumbek,Might of Menethil
2024-04-09,Yagå,Might of Menethil
2024-04-09,Rickytanx,Misplaced Servo Arm
2024-04-09,Gandal,Necklace of Necropsy
2024-04-09,Jetrho,Nerubian Slavemaker
2024-04-09,Ábrams,Plated Abomination Ribcage
2024-04-09,Gome,Preceptor's Hat
2024-04-09,Dirtydëëds,Sadist's Collar
2024-04-09,Impax,Sapphiron's Left Eye
2024-04-09,Shortandthic,Sapphiron's Left Eye
2024-04-09,Mae,Shield of Condemnation
2024-04-09,Dirtydëëds,Shroud of Dominion
2024-04-09,Abusementprk,Slayer's Crest
2024-04-09,Mcballs,Slayer's Crest
2024-04-09,Outbreak,Slayer's Crest
2024-04-09,Pogg,Slayer's Crest
2024-04-09,Vanishh,Slayer's Crest
2024-04-09,Iggysmallz,Stormrage's Talisman of Seething
2024-04-09,Mistaveeb,Stormrage's Talisman of Seething
2024-04-09,Spach,The Castigator
2024-04-09,Mae,The Face of Death
2024-04-09,Shortandthic,The Phylactery of Kel'Thuzad
2024-04-09,Thalantyr,The Phylactery of Kel'Thuzad
2024-04-09,Impax,The Restrained Essence of Sapphiron
2024-04-09,Thalantyr,The Restrained Essence of Sapphiron
2024-04-09,Bojjo,The Soul Harvester's Bindings
2024-04-09,Stickyricky,The Soul Harvester's Bindings
2024-04-09,Gandal,Veil of Eclipse
2024-04-09,Dangugly,Wand of Fates
2024-04-09,Skiiska,Wand of the Whispering Dead
2024-04-09,Rickytanx,Wristguards of Vengeance
2025-09-30,Vallon,Band of Unanswered Prayers
2025-09-30,Ares,Band of Unnatural Forces
2025-09-30,Imag,Band of Unnatural Forces
2025-09-30,Rusti,Band of Unnatural Forces
2025-09-30,Slout,Band of Unnatural Forces
2025-09-30,Toxicalover,Cloak of Suturing
2025-09-30,Vallanz,Cloak of the Necropolis
2025-09-30,Bravesrrobin,Eye of the Dead
2025-09-30,Bravesrrobin,Eye of the Dead
2025-09-30,Glad,Eye of the Dead
2025-09-30,Grapedrink,Eye of the Dead
2025-09-30,Mhorana,Eye of the Dead
2025-09-30,Toxicalover,Eye of the Dead
2025-09-30,Ares,Girdle of the Mentor
2025-09-30,Huxli,Girdle of the Mentor
2025-09-30,Huxli,Girdle of the Mentor
2025-09-30,Macthorson,Girdle of the Mentor
2025-09-30,Saladbalding,Girdle of the Mentor
2025-09-30,Solidsmtx,Girdle of the Mentor
2025-09-30,Fridda,Hammer of the Twisting Nether
2025-09-30,Grapedrink,Hammer of the Twisting Nether
2025-09-30,Numbrodos,Hammer of the Twisting Nether
2025-09-30,Rayss,Hammer of the Twisting Nether
2025-09-30,Anticide,"Iblis, Blade of the Fallen Seraph"
2025-09-30,Mesmasshuu,"Iblis, Blade of the Fallen Seraph"
2025-09-30,Hurb,Kingsfall
2025-09-30,Alpine,Kiss of the Spider
2025-09-30,Anticide,Kiss of the Spider
2025-09-30,Dilphiv,Kiss of the Spider
2025-09-30,Saladbalding,Kiss of the Spider
2025-09-30,Macthorson,Leggings of Apocalypse
2025-09-30,Calul,Leggings of Polarity
2025-09-30,Vallanz,Leggings of Polarity
2025-09-30,Alpine,Legplates of Carnage
2025-09-30,Michaelre,Legplates of Carnage
2025-09-30,Patriot,Might of Menethil
2025-09-30,Hurb,Might of the Scourge
2025-09-30,Ethos,Misplaced Servo Arm
2025-09-30,Abusementprk,Nerubian Slavemaker
2025-09-30,Meco,Nerubian Slavemaker
2025-09-30,Meco,Nerubian Slavemaker
2025-09-30,Dwamasama,Plated Abomination Ribcage
2025-09-30,Madder,Plated Abomination Ribcage
2025-09-30,Solidsmtx,Plated Abomination Ribcage
2025-09-30,Kushcloud,Rime Covered Mantle
2025-09-30,Calul,Sapphiron's Left Eye
2025-09-30,Kurdinn,Sapphiron's Left Eye
2025-09-30,Mhorana,Sapphiron's Right Eye
2025-09-30,Patriot,Shield of Condemnation
2025-09-30,Vallon,Shield of Condemnation
2025-09-30,Glad,Shroud of Dominion
2025-09-30,Micklevi,Shroud of Dominion
2025-09-30,Micklevi,Shroud of Dominion
2025-09-30,Dilphiv,Slayer's Crest
2025-09-30,Madder,Slayer's Crest
2025-09-30,Rusti,Slayer's Crest
2025-09-30,Slout,Slayer's Crest
2025-09-30,Greybush,Soulseeker
2025-09-30,Abusementprk,Stormrage's Talisman of Seething
2025-09-30,Dwamasama,Stormrage's Talisman of Seething
2025-09-30,Michaelre,Stormrage's Talisman of Seething
2025-09-30,Mesmasshuu,The Castigator
2025-09-30,Ethos,The Phylactery of Kel'Thuzad
2025-09-30,Deadcoiles,The Restrained Essence of Sapphiron
2025-09-30,Fridda,The Restrained Essence of Sapphiron
2025-09-30,Greybush,The Restrained Essence of Sapphiron
2025-09-30,Mandraky,The Restrained Essence of Sapphiron
2025-09-30,Numbrodos,The Restrained Essence of Sapphiron
2025-09-30,Rayss,The Restrained Essence of Sapphiron
2025-09-30,Trine,The Restrained Essence of Sapphiron
2025-09-30,Trine,The Restrained Essence of Sapphiron
2025-09-30,Kushcloud,The Soul Harvester's Bindings
2025-09-30,Deadcoiles,Wand of Fates
2025-09-30,Kurdinn,Wand of Fates
2025-09-30,Mandraky,Wraith Blade
2025-09-30,Imag,Wristguards of Vengeance
2024-11-05,Bigpapichulo,Band of Unanswered Prayers
2024-11-05,Arizana,Band of Unnatural Forces
2024-11-05,Feq,Band of Unnatural Forces
2024-11-05,Knumb,Band of Unnatural Forces
2024-11-05,Rusti,Band of Unnatural Forces
2024-11-05,Prunes,Brimstone Staff
2024-11-05,Prunes,Brimstone Staff
2024-11-05,Bilbo,Cloak of Suturing
2024-11-05,Nineteenxx,Corrupted Ashbringer
2024-11-05,Reciprocate,Corrupted Ashbringer
2024-11-05,Skiiska,Doomfinger
2024-11-05,Airz,Eye of the Dead
2024-11-05,Bigpapichulo,Eye of the Dead
2024-11-05,Bli,Eye of the Dead
2024-11-05,Bli,Eye of the Dead
2024-11-05,Spacepump,Eye of the Dead
2024-11-05,Waumbek,Eye of the Dead
2024-11-05,Waumbek,Eye of the Dead
2024-11-05,Chimpsmage,Gem of Trapped Innocents
2024-11-05,Trine,Gem of Trapped Innocents
2024-11-05,Frostiwarr,Ghoul Skin Tunic
2024-11-05,Abusementprk,Girdle of the Mentor
2024-11-05,Michaelre,Girdle of the Mentor
2024-11-05,Microgodx,Girdle of the Mentor
2024-11-05,Burkhealz,Hammer of the Twisting Nether
2024-11-05,Saladblesing,Hammer of the Twisting Nether
2024-11-05,Saladblesing,Hammer of the Twisting Nether
2024-11-05,Spacepump,Hammer of the Twisting Nether
2024-11-05,Frostiwarr,"Iblis, Blade of the Fallen Seraph"
2024-11-05,Rogue,"Gressil, Dawn of Ruin"
2024-11-05,Alpineey,Kiss of the Spider
2024-11-05,Checkursix,Kiss of the Spider
2024-11-05,Dinoblunts,Kiss of the Spider
2024-11-05,Finesse,Kiss of the Spider
2024-11-05,Glad,Kiss of the Spider
2024-11-05,Knumb,Kiss of the Spider
2024-11-05,Mictlantecuh,Kiss of the Spider
2024-11-05,Pogg,Kiss of the Spider
2024-11-05,Rusti,Kiss of the Spider
2024-11-05,Feq,Leggings of Apocalypse
2024-11-05,Dionefastrgf,Leggings of Polarity
2024-11-05,Uwudaddy,Leggings of Polarity
2024-11-05,Glad,Legplates of Carnage
2024-11-05,Dinoblunts,Might of Menethil
2024-11-05,Nineteenxx,Might of the Scourge
2024-11-05,Toxicalover,Might of the Scourge
2024-11-05,Bilbo,Necklace of Necropsy
2024-11-05,Donzon,Nerubian Slavemaker
2024-11-05,Donzon,Nerubian Slavemaker
2024-11-05,Rogue,"Gressil, Dawn of Ruin"
2024-11-05,Bojjo,Preceptor's Hat
2024-11-05,Bojjo,Preceptor's Hat
2024-11-05,Skiiska,Seal of the Damned
2024-11-05,Reciprocate,Shield of Condemnation
2024-11-05,Michaelre,Shroud of Dominion
2024-11-05,Microgodx,Shroud of Dominion
2024-11-05,Mistaveeb,Shroud of Dominion
2024-11-05,Checkursix,Slayer's Crest
2024-11-05,Finesse,Slayer's Crest
2024-11-05,Mistaveeb,Slayer's Crest
2024-11-05,Rootz,Slayer's Crest
2024-11-05,Rootz,Slayer's Crest
2024-11-05,Alpineey,Stormrage's Talisman of Seething
2024-11-05,Arizana,Stormrage's Talisman of Seething
2024-11-05,Mictlantecuh,Stormrage's Talisman of Seething
2024-11-05,Toxicalover,The Castigator
2024-11-05,Airz,The Face of Death
2024-11-05,Briseis,The Restrained Essence of Sapphiron
2024-11-05,Briseis,The Restrained Essence of Sapphiron
2024-11-05,Chimpsmage,The Restrained Essence of Sapphiron
2024-11-05,Hegrid,The Restrained Essence of Sapphiron
2024-11-05,Hegrid,The Restrained Essence of Sapphiron
2024-11-05,Trine,The Restrained Essence of Sapphiron
2024-11-05,Uwudaddy,The Restrained Essence of Sapphiron
2024-11-05,Dionefastrgf,The Soul Harvester's Bindings
2024-11-05,Burkhealz,Wand of the Whispering Dead
2024-11-05,Abusementprk,Wristguards of Vengeance
2024-11-05,Pogg,Wristguards of Vengeance
2024-10-29,Bigpapichulo,Band of Unanswered Prayers
2024-10-29,Arizana,Band of Unnatural Forces
2024-10-29,Feq,Band of Unnatural Forces
2024-10-29,Rusti,Band of Unnatural Forces
2024-10-29,Prunes,Brimstone Staff
2024-10-29,Prunes,Brimstone Staff
2024-10-29,Uwudaddy,Cloak of the Necropolis
2024-10-29,Reciprocate,Corrupted Ashbringer
2024-10-29,Skiiska,Doomfinger
2024-10-29,Airz,Eye of the Dead
2024-10-29,Bli,Eye of the Dead
2024-10-29,Bli,Eye of the Dead
2024-10-29,Mistav,Eye of the Dead
2024-10-29,Mistav,Eye of the Dead
2024-10-29,Spacepump,Eye of the Dead
2024-10-29,Waumbek,Eye of the Dead
2024-10-29,Waumbek,Eye of the Dead
2024-10-29,Trine,Gem of Trapped Innocents
2024-10-29,Shaala,Ghoul Skin Tunic
2024-10-29,Keeki,Girdle of the Mentor
2024-10-29,Microgodx,Girdle of the Mentor
2024-10-29,Pogg,Girdle of the Mentor
2024-10-29,Emann,Hammer of the Twisting Nether
2024-10-29,Saladblesing,Hammer of the Twisting Nether
2024-10-29,Saladblesing,Hammer of the Twisting Nether
2024-10-29,Spacepump,Hammer of the Twisting Nether
2024-10-29,Checkursix,Kingsfall
2024-10-29,Keeki,Kingsfall
2024-10-29,Rogue,"Gressil, Dawn of Ruin"
2024-10-29,Alpineey,Kiss of the Spider
2024-10-29,Checkursix,Kiss of the Spider
2024-10-29,Finesse,Kiss of the Spider
2024-10-29,Glad,Kiss of the Spider
2024-10-29,Glad,Kiss of the Spider
2024-10-29,Mictlantecuh,Kiss of the Spider
2024-10-29,Pogg,Kiss of the Spider
2024-10-29,Rusti,Kiss of the Spider
2024-10-29,Toxicalover,Kiss of the Spider
2024-10-29,Feq,Leggings of Apocalypse
2024-10-29,Briseis,Leggings of Polarity
2024-10-29,Chimpsmage,Leggings of Polarity
2024-10-29,Dionefastrgf,Leggings of Polarity
2024-10-29,Abusementprk,Legplates of Carnage
2024-10-29,Dinoblunts,Might of Menethil
2024-10-29,Mictlantecuh,Might of the Scourge
2024-10-29,Shaala,Necklace of Necropsy
2024-10-29,Nineteenhc,Nerubian Slavemaker
2024-10-29,Rogue,"Gressil, Dawn of Ruin"
2024-10-29,Bojjo,Preceptor's Hat
2024-10-29,Bojjo,Preceptor's Hat
2024-10-29,Skiiska,Seal of the Damned
2024-10-29,Reciprocate,Shield of Condemnation
2024-10-29,Knumb,Shroud of Dominion
2024-10-29,Michaelre,Shroud of Dominion
2024-10-29,Microgodx,Shroud of Dominion
2024-10-29,Dinoblunts,Slayer's Crest
2024-10-29,Finesse,Slayer's Crest
2024-10-29,Gugsx,Slayer's Crest
2024-10-29,Gugsx,Slayer's Crest
2024-10-29,Knumb,Slayer's Crest
2024-10-29,Nineteenhc,Slayer's Crest
2024-10-29,Rootz,Slayer's Crest
2024-10-29,Rootz,Slayer's Crest
2024-10-29,Alpineey,Stormrage's Talisman of Seething
2024-10-29,Arizana,Stormrage's Talisman of Seething
2024-10-29,Toxicalover,Stormrage's Talisman of Seething
2024-10-29,Airz,The Face of Death
2024-10-29,Briseis,The Restrained Essence of Sapphiron
2024-10-29,Burkinn,The Restrained Essence of Sapphiron
2024-10-29,Chimpsmage,The Restrained Essence of Sapphiron
2024-10-29,Trine,The Restrained Essence of Sapphiron
2024-10-29,Uwudaddy,The Restrained Essence of Sapphiron
2024-10-29,Dionefastrgf,The Soul Harvester's Bindings
2024-10-29,Emann,The Widow's Embrace
2024-10-29,Burkinn,Wand of Fates
2024-10-29,Bigpapichulo,Wand of the Whispering Dead
2024-10-29,Abusementprk,Wristguards of Vengeance
2024-10-29,Michaelre,Wristguards of Vengeance
2024-05-07,Antimercy,Band of Unanswered Prayers
2024-05-07,Spacepimp,Band of Unanswered Prayers
2024-05-07,Finesse,Band of Unnatural Forces
2024-05-07,Mcballs,Band of Unnatural Forces
2024-05-07,Mictlantecuh,Band of Unnatural Forces
2024-05-07,Vanishh,Band of Unnatural Forces
2024-05-07,Zongasfive,Band of Unnatural Forces
2024-05-07,Supgap,Band of the Inevitable
2024-05-07,Antimercy,Cloak of Suturing
2024-05-07,Bojjo,Cloak of the Necropolis
2024-05-07,Waumbek,Cryptfiend Silk Cloak
2024-05-07,Summonparser,Desecrated Circlet
2024-05-07,Burkinn,Desecrated Robe
2024-05-07,Jensin,Desecrated Robe
2024-05-07,Stickylicky,Desecrated Robe
2024-05-07,Summonparser,Desecrated Robe
2024-05-07,Gome,Eye of Diminution
2024-05-07,Miltonmane,Eye of Diminution
2024-05-07,Gandal,Eye of the Dead
2024-05-07,Otokoneko,Eye of the Dead
2024-05-07,Shaala,Eye of the Dead
2024-05-07,Alpineey,Girdle of the Mentor
2024-05-07,Pogg,Girdle of the Mentor
2024-05-07,Bli,Hammer of the Twisting Nether
2024-05-07,Bli,Hammer of the Twisting Nether
2024-05-07,Miltonmane,Hammer of the Twisting Nether
2024-05-07,Otokoneko,Hammer of the Twisting Nether
2024-05-07,Spacepimp,Hammer of the Twisting Nether
2024-05-07,Stickylicky,Hammer of the Twisting Nether
2024-05-07,Alzera,Hatchet of Sundered Bone
2024-05-07,Aleice,"Iblis, Blade of the Fallen Seraph"
2024-05-07,Checkursix,"Iblis, Blade of the Fallen Seraph"
2024-05-07,Finesse,"Iblis, Blade of the Fallen Seraph"
2024-05-07,Abusementprk,Kiss of the Spider
2024-05-07,Alzera,Kiss of the Spider
2024-05-07,Checkursix,Kiss of the Spider
2024-05-07,Chims,Kiss of the Spider
2024-05-07,Chims,Kiss of the Spider
2024-05-07,Mcballs,Kiss of the Spider
2024-05-07,Rickytanx,Kiss of the Spider
2024-05-07,Zongasfive,Kiss of the Spider
2024-05-07,Ábrams,Kiss of the Spider
2024-05-07,Shaala,Leggings of Apocalypse
2024-05-07,Bojjo,Leggings of Polarity
2024-05-07,Ábrams,Legplates of Carnage
2024-05-07,Arizana,Might of Menethil
2024-05-07,Rickytanx,Might of Menethil
2024-05-07,Waumbek,Might of Menethil
2024-05-07,Yagå,Might of Menethil
2024-05-07,Mistaveeb,Might of the Scourge
2024-05-07,Alpineey,Plated Abomination Ribcage
2024-05-07,Supgap,Preceptor's Hat
2024-05-07,Jensin,Sapphiron's Right Eye
2024-05-07,Jetrho,Shroud of Dominion
2024-05-07,Rootz,Shroud of Dominion
2024-05-07,Yagå,Shroud of Dominion
2024-05-07,Abusementprk,Slayer's Crest
2024-05-07,Arizana,Slayer's Crest
2024-05-07,Jetrho,Slayer's Crest
2024-05-07,Mictlantecuh,Slayer's Crest
2024-05-07,Nineteenalt,Slayer's Crest
2024-05-07,Nineteenalt,Slayer's Crest
2024-05-07,Pogg,Slayer's Crest
2024-05-07,Ruug,Slayer's Crest
2024-05-07,Ruug,Slayer's Crest
2024-05-07,Vanishh,Slayer's Crest
2024-05-07,Branremix,Stormrage's Talisman of Seething
2024-05-07,Mistaveeb,Stormrage's Talisman of Seething
2024-05-07,Rootz,Stormrage's Talisman of Seething
2024-05-07,Aleice,The Castigator
2024-05-07,Glad,The Castigator
2024-05-07,Glad,The Phylactery of Kel'Thuzad
2024-05-07,Burkinn,The Restrained Essence of Sapphiron
2024-05-07,Uwudaddy,The Restrained Essence of Sapphiron
2024-05-07,Gandal,Veil of Eclipse
2024-05-07,Gome,Wand of Fates
2024-05-07,Uwudaddy,Wand of Fates
2024-05-07,Skiiska,Wand of the Whispering Dead
2024-05-07,Skiiska,Wand of the Whispering Dead
2024-05-07,Branremix,Wristguards of Vengeance
2026-01-20,Fuzz,Band of Unanswered Prayers
2026-01-20,Griezman,Band of Unanswered Prayers
2026-01-20,Andragan,Band of Unnatural Forces
2026-01-20,Andragan,Band of Unnatural Forces
2026-01-20,Mlb,Band of Unnatural Forces
2026-01-20,Rusti,Band of Unnatural Forces
2026-01-20,Torreypines,Band of Unnatural Forces
2026-01-20,Zosokid,Claw of the Frost Wyrm
2026-01-20,Fuzz,Cloak of Suturing
2026-01-20,Calul,Cloak of the Necropolis
2026-01-20,Remixd,Cloak of the Necropolis
2026-01-20,Chimpsmage,Doomfinger
2026-01-20,Donzonæq,Eye of Diminution
2026-01-20,Briseis,Eye of the Dead
2026-01-20,Dwarfjessus,Eye of the Dead
2026-01-20,Grapedrink,Ghoul Skin Tunic
2026-01-20,Deathwishh,Girdle of the Mentor
2026-01-20,Mesmasshuu,Girdle of the Mentor
2026-01-20,Mlb,Girdle of the Mentor
2026-01-20,Aüdriis,Hammer of the Twisting Nether
2026-01-20,Aüdriis,Hammer of the Twisting Nether
2026-01-20,Dwarfjessus,Hammer of the Twisting Nether
2026-01-20,Delusion,"Iblis, Blade of the Fallen Seraph"
2026-01-20,Delusion,"Iblis, Blade of the Fallen Seraph"
2026-01-20,Goondini,"Iblis, Blade of the Fallen Seraph"
2026-01-20,Kennyypowers,Kingsfall
2026-01-20,Yasuke,Kingsfall
2026-01-20,Aile,Kiss of the Spider
2026-01-20,Deathwishh,Kiss of the Spider
2026-01-20,Dwama,Kiss of the Spider
2026-01-20,Furiiosa,Kiss of the Spider
2026-01-20,Macthorson,Kiss of the Spider
2026-01-20,Moonee,Kiss of the Spider
2026-01-20,Necropharus,Kiss of the Spider
2026-01-20,Necropharus,Kiss of the Spider
2026-01-20,Grapedrink,Leggings of Apocalypse
2026-01-20,Moonee,Legplates of Carnage
2026-01-20,Solidsmtx,Legplates of Carnage
2026-01-20,Aile,Maexxna's Fang
2026-01-20,Zosokid,Might of Menethil
2026-01-20,Macthorson,Might of the Scourge
2026-01-20,Farquaadino,Necklace of Necropsy
2026-01-20,Glad,Nerubian Slavemaker
2026-01-20,Glad,Nerubian Slavemaker
2026-01-20,Kennyypowers,Nerubian Slavemaker
2026-01-20,Lepuller,Nerubian Slavemaker
2026-01-20,Lepuller,Nerubian Slavemaker
2026-01-20,Enormous,Seal of the Damned
2026-01-20,Griezman,Shield of Condemnation
2026-01-20,Solidsmtx,Shroud of Dominion
2026-01-20,Yasuke,Shroud of Dominion
2026-01-20,Dilphiv,Slayer's Crest
2026-01-20,Furiiosa,Slayer's Crest
2026-01-20,Madder,Slayer's Crest
2026-01-20,Madder,Slayer's Crest
2026-01-20,Mesmasshuu,Slayer's Crest
2026-01-20,Rusti,Slayer's Crest
2026-01-20,Slout,Slayer's Crest
2026-01-20,Slout,Slayer's Crest
2026-01-20,Torreypines,Slayer's Crest
2026-01-20,Farquaadino,Spire of Twilight
2026-01-20,Dwama,Stormrage's Talisman of Seething
2026-01-20,Bitenuker,The Restrained Essence of Sapphiron
2026-01-20,Bitenuker,The Restrained Essence of Sapphiron
2026-01-20,Briseis,The Restrained Essence of Sapphiron
2026-01-20,Chimpsmage,The Restrained Essence of Sapphiron
2026-01-20,Enormous,The Soul Harvester's Bindings
2026-01-20,Kushcloud,The Soul Harvester's Bindings
2026-01-20,Kushcloud,The Soul Harvester's Bindings
2026-01-20,Titiheal,The Widow's Embrace
2026-01-20,Titiheal,Wand of the Whispering Dead
2026-01-20,Donzonæq,Warmth of Forgiveness
2026-01-20,Goondini,Widow's Remorse
2026-01-20,Calul,Wraith Blade
2026-01-20,Remixd,Wraith Blade
2026-01-20,Dilphiv,Wristguards of Vengeance
2025-05-06,Donfrye,Band of Unnatural Forces
2025-05-06,Jetrho,Band of Unnatural Forces
2025-05-06,Madder,Band of Unnatural Forces
2025-05-06,Huxli,Claw of the Frost Wyrm
2025-05-06,Branremix,Cloak of Suturing
2025-05-06,Holyfist,Cloak of Suturing
2025-05-06,Chimpsmage,Cloak of the Necropolis
2025-05-06,Branremix,Eye of the Dead
2025-05-06,Briseis,Eye of the Dead
2025-05-06,Darkwings,Eye of the Dead
2025-05-06,Dwarfjessus,Eye of the Dead
2025-05-06,Illadelph,Eye of the Dead
2025-05-06,Illadelph,Eye of the Dead
2025-05-06,Ignitegodx,Gem of Trapped Innocents
2025-05-06,Ljiangjun,Gem of Trapped Innocents
2025-05-06,Avecz,Girdle of the Mentor
2025-05-06,Feq,Girdle of the Mentor
2025-05-06,Numbrodos,Hailstone Band
2025-05-06,Donfrye,Hammer of the Twisting Nether
2025-05-06,Dwarfjessus,Hammer of the Twisting Nether
2025-05-06,Holyfist,Hammer of the Twisting Nether
2025-05-06,Kurdinn,Hammer of the Twisting Nether
2025-05-06,Aile,Harbinger of Doom
2025-05-06,Valoriwar,Hatchet of Sundered Bone
2025-05-06,Ghili,"Iblis, Blade of the Fallen Seraph"
2025-05-06,Helioss,"Iblis, Blade of the Fallen Seraph"
2025-05-06,Saladbalding,"Iblis, Blade of the Fallen Seraph"
2025-05-06,Zosokid,"Iblis, Blade of the Fallen Seraph"
2025-05-06,Dinoblunts,Kiss of the Spider
2025-05-06,Helioss,Kiss of the Spider
2025-05-06,Madder,Kiss of the Spider
2025-05-06,Rusti,Kiss of the Spider
2025-05-06,Rusti,Kiss of the Spider
2025-05-06,Slashi,Kiss of the Spider
2025-05-06,Xorkal,Kiss of the Spider
2025-05-06,Xorkal,Kiss of the Spider
2025-05-06,Saladbalding,Leggings of Apocalypse
2025-05-06,Chimpsmage,Leggings of Polarity
2025-05-06,Avecz,Legplates of Carnage
2025-05-06,Valoriwar,Legplates of Carnage
2025-05-06,Alpineey,Might of the Scourge
2025-05-06,Ghili,Might of the Scourge
2025-05-06,Bli,Necklace of Necropsy
2025-05-06,Bli,Necklace of Necropsy
2025-05-06,Greybush,Necklace of Necropsy
2025-05-06,Reciprocate,Necklace of Necropsy
2025-05-06,Glad,Nerubian Slavemaker
2025-05-06,Mistaveeb,Nerubian Slavemaker
2025-05-06,Mistaveeb,Nerubian Slavemaker
2025-05-06,Feq,Plated Abomination Ribcage
2025-05-06,Darkwings,Resilience of the Scourge
2025-05-06,Greybush,Resilience of the Scourge
2025-05-06,Dionefastrgf,Sapphiron's Left Eye
2025-05-06,Dionefastrgf,Sapphiron's Left Eye
2025-05-06,Ljiangjun,Sapphiron's Left Eye
2025-05-06,Novely,Shroud of Dominion
2025-05-06,Aile,Slayer's Crest
2025-05-06,Glad,Slayer's Crest
2025-05-06,Novely,Slayer's Crest
2025-05-06,Slashi,Slayer's Crest
2025-05-06,Thorgena,Slayer's Crest
2025-05-06,Alpineey,Stormrage's Talisman of Seething
2025-05-06,Dinoblunts,Stormrage's Talisman of Seething
2025-05-06,Jetrho,Stormrage's Talisman of Seething
2025-05-06,Thorgena,Stormrage's Talisman of Seething
2025-05-06,Zosokid,Stormrage's Talisman of Seething
2025-05-06,Huxli,The Castigator
2025-05-06,Briseis,The Restrained Essence of Sapphiron
2025-05-06,Donzonæq,The Restrained Essence of Sapphiron
2025-05-06,Donzonæq,The Restrained Essence of Sapphiron
2025-05-06,Kurdinn,The Restrained Essence of Sapphiron
2025-05-06,Kushcloud,The Restrained Essence of Sapphiron
2025-05-06,Kushcloud,The Restrained Essence of Sapphiron
2025-05-06,Numbrodos,The Restrained Essence of Sapphiron
2025-05-06,Ignitegodx,Wraith Blade
2025-05-06,Reciprocate,Wristguards of Vengeance
2024-02-13,Gandal,Band of Unanswered Prayers
2024-02-13,Mictlantecuh,Band of Unnatural Forces
2024-02-13,Pogg,Band of Unnatural Forces
2024-02-13,Rootz,Band of Unnatural Forces
2024-02-13,Tavesty,Band of Unnatural Forces
2024-02-13,Yagå,Band of Unnatural Forces
2024-02-13,Waumbek,Belt of the Grand Crusader
2024-02-13,Petdenoune,Cloak of Suturing
2024-02-13,Impax,Cloak of the Necropolis
2024-02-13,Holyrolled,Corrupted Ashbringer
2024-02-13,Jensin,Desecrated Circlet
2024-02-13,Bojjo,Desecrated Robe
2024-02-13,Burkinafaso,Desecrated Robe
2024-02-13,Louieflamezz,Desecrated Robe
2024-02-13,Runtzxcookie,Desecrated Robe
2024-02-13,Brickzilla,Desecrated Shoulderpads
2024-02-13,Gome,Doomfinger
2024-02-13,Brickzilla,Eye of the Dead
2024-02-13,Dreamer,Eye of the Dead
2024-02-13,Holyrolled,Eye of the Dead
2024-02-13,Gome,Gem of Trapped Innocents
2024-02-13,Chims,Girdle of the Mentor
2024-02-13,Cleavadge,Girdle of the Mentor
2024-02-13,Tavesty,Girdle of the Mentor
2024-02-13,Dreamer,Hammer of the Twisting Nether
2024-02-13,Prunes,Hammer of the Twisting Nether
2024-02-13,Prunes,Hammer of the Twisting Nether
2024-02-13,Yagå,Hatchet of Sundered Bone
2024-02-13,Alpineey,"Iblis, Blade of the Fallen Seraph"
2024-02-13,Checkursix,"Iblis, Blade of the Fallen Seraph"
2024-02-13,Stablord,"Iblis, Blade of the Fallen Seraph"
2024-02-13,Abusementprk,Kiss of the Spider
2024-02-13,Eatsithtina,Kiss of the Spider
2024-02-13,Eatsithtina,Kiss of the Spider
2024-02-13,Knumb,Kiss of the Spider
2024-02-13,Mcballs,Kiss of the Spider
2024-02-13,Nineteenalt,Kiss of the Spider
2024-02-13,Nineteenalt,Kiss of the Spider
2024-02-13,Louieflamezz,Leggings of Polarity
2024-02-13,Runtzxcookie,Leggings of Polarity
2024-02-13,Mistaveeb,Legplates of Carnage
2024-02-13,Airz,Might of Menethil
2024-02-13,Airz,Might of Menethil
2024-02-13,Branremix,Might of Menethil
2024-02-13,Cleavadge,Might of the Scourge
2024-02-13,Farquaad,Might of the Scourge
2024-02-13,Farquaad,Might of the Scourge
2024-02-13,Petdenoune,Necklace of Necropsy
2024-02-13,Ruug,Nerubian Slavemaker
2024-02-13,Skiiska,Ring of Faith
2024-02-13,Briseis,Sapphiron's Left Eye
2024-02-13,Burkinafaso,Sapphiron's Left Eye
2024-02-13,Skiiska,Sapphiron's Right Eye
2024-02-13,Impax,Seal of the Damned
2024-02-13,Bli,Shroud of Dominion
2024-02-13,Bli,Shroud of Dominion
2024-02-13,Pogg,Shroud of Dominion
2024-02-13,Ratbag,Shroud of Dominion
2024-02-13,Abusementprk,Slayer's Crest
2024-02-13,Checkursix,Slayer's Crest
2024-02-13,Mcballs,Slayer's Crest
2024-02-13,Mictlantecuh,Slayer's Crest
2024-02-13,Rootz,Slayer's Crest
2024-02-13,Stablord,Slayer's Crest
2024-02-13,Iggy,Soulstring
2024-02-13,Ratbag,Soulstring
2024-02-13,Branremix,Stormrage's Talisman of Seething
2024-02-13,Iggy,Stormrage's Talisman of Seething
2024-02-13,Alpineey,The Castigator
2024-02-13,Waumbek,The Face of Death
2024-02-13,Chims,The Phylactery of Kel'Thuzad
2024-02-13,Ruug,The Phylactery of Kel'Thuzad
2024-02-13,Briseis,The Restrained Essence of Sapphiron
2024-02-13,Gandal,The Restrained Essence of Sapphiron
2024-02-13,Hegred,The Restrained Essence of Sapphiron
2024-02-13,Hegred,The Restrained Essence of Sapphiron
2024-02-13,Jensin,Warmth of Forgiveness
2024-02-13,Bojjo,Wraith Blade
2024-02-13,Knumb,Wristguards of Vengeance
2024-02-13,Mistaveeb,Wristguards of Vengeance
2025-08-12,Illadelph,Band of Unanswered Prayers
2025-08-12,Illadelph,Band of Unanswered Prayers
2025-08-12,Dwamasama,Band of Unnatural Forces
2025-08-12,Slashi,Band of Unnatural Forces
2025-08-12,Vanthur,Band of Unnatural Forces
2025-08-12,Greybush,Band of the Inevitable
2025-08-12,Deadcoiles,Cloak of the Necropolis
2025-08-12,Mandraky,Cloak of the Necropolis
2025-08-12,Asherr,Desecrated Circlet
2025-08-12,Asherr,Desecrated Gloves
2025-08-12,Briseis,Eye of the Dead
2025-08-12,Darkwings,Eye of the Dead
2025-08-12,Rusti,Eye of the Dead
2025-08-12,Rusti,Eye of the Dead
2025-08-12,Spach,Eye of the Dead
2025-08-12,Magebrained,Gem of Trapped Innocents
2025-08-12,Ares,Girdle of the Mentor
2025-08-12,Macthorson,Girdle of the Mentor
2025-08-12,Solidsmtx,Girdle of the Mentor
2025-08-12,Torreypines,Girdle of the Mentor
2025-08-12,Lagerthafury,Hammer of the Twisting Nether
2025-08-12,Macthorson,Hatchet of Sundered Bone
2025-08-12,Jhonytank,"Iblis, Blade of the Fallen Seraph"
2025-08-12,Lagerthafury,"Iblis, Blade of the Fallen Seraph"
2025-08-12,Mesmasshuu,"Iblis, Blade of the Fallen Seraph"
2025-08-12,Bravesrrobin,Kiss of the Spider
2025-08-12,Bravesrrobin,Kiss of the Spider
2025-08-12,Dilphiv,Kiss of the Spider
2025-08-12,Dwamasama,Kiss of the Spider
2025-08-12,Slashi,Kiss of the Spider
2025-08-12,Spach,Kiss of the Spider
2025-08-12,Zosokid,Kiss of the Spider
2025-08-12,Abusementprk,Leggings of Apocalypse
2025-08-12,Vanthur,Leggings of Apocalypse
2025-08-12,Greybush,Leggings of Polarity
2025-08-12,Abusementprk,Legplates of Carnage
2025-08-12,Andragan,Legplates of Carnage
2025-08-12,Andragan,Legplates of Carnage
2025-08-12,Torreypines,Legplates of Carnage
2025-08-12,Darkwings,Libram of Light
2025-08-12,Healsniper,Libram of Light
2025-08-12,Toxicalover,Might of the Scourge
2025-08-12,Jhonytank,Misplaced Servo Arm
2025-08-12,Meco,Nerubian Slavemaker
2025-08-12,Meco,Nerubian Slavemaker
2025-08-12,Thorgene,Nerubian Slavemaker
2025-08-12,Haloii,Plated Abomination Ribcage
2025-08-12,Huxii,Plated Abomination Ribcage
2025-08-12,Toxicalover,Plated Abomination Ribcage
2025-08-12,Skiiska,Resilience of the Scourge
2025-08-12,Skiiska,Resilience of the Scourge
2025-08-12,Magebrained,Sapphiron's Left Eye
2025-08-12,Healsniper,Shield of Condemnation
2025-08-12,Igkidkyuubi,Shroud of Dominion
2025-08-12,Ares,Slayer's Crest
2025-08-12,Madder,Slayer's Crest
2025-08-12,Madder,Slayer's Crest
2025-08-12,Zosokid,Slayer's Crest
2025-08-12,Igkidkyuubi,Stormrage's Talisman of Seething
2025-08-12,Michaelre,Stormrage's Talisman of Seething
2025-08-12,Thorgene,Stormrage's Talisman of Seething
2025-08-12,Dilphiv,The Castigator
2025-08-12,Mesmasshuu,The Castigator
2025-08-12,Michaelre,The Castigator
2025-08-12,Briseis,The Restrained Essence of Sapphiron
2025-08-12,Kurdinn,The Restrained Essence of Sapphiron
2025-08-12,Kurdinn,The Restrained Essence of Sapphiron
2025-08-12,Kushcloud,The Restrained Essence of Sapphiron
2025-08-12,Kushcloud,The Restrained Essence of Sapphiron
2025-08-12,Mandraky,The Restrained Essence of Sapphiron
2025-08-12,Trine,The Restrained Essence of Sapphiron
2025-08-12,Trine,The Restrained Essence of Sapphiron
2025-08-12,Deadcoiles,Wand of Fates
2025-08-12,Haloii,Widow's Remorse
2025-08-12,Huxii,Widow's Remorse
2025-08-12,Solidsmtx,Wristguards of Vengeance
2023-12-19,Dreamer,Band of Unanswered Prayers
2023-12-19,Nineteenalt,Band of Unnatural Forces
2023-12-19,Louieflamezz,Brimstone Staff
2023-12-19,Briseis,Cloak of the Necropolis
2023-12-19,Integrity,Corrupted Ashbringer
2023-12-19,Gusad,Cryptfiend Silk Cloak
2023-12-19,Runtzxcookie,Desecrated Circlet
2023-12-19,Saacon,Desecrated Circlet
2023-12-19,Skiiska,Desecrated Circlet
2023-12-19,Censer,Desecrated Headpiece
2023-12-19,Saacon,Desecrated Robe
2023-12-19,Smoothpriest,Desecrated Robe
2023-12-19,Skiiska,Desecrated Shoulderpads
2023-12-19,Censer,Desecrated Tunic
2023-12-19,Dreamer,Desecrated Tunic
2023-12-19,Gome,Doomfinger
2023-12-19,Muntz,Doomfinger
2023-12-19,Gandal,Fortitude of the Scourge
2023-12-19,Branremix,Girdle of the Mentor
2023-12-19,Nineteenalt,Girdle of the Mentor
2023-12-19,Mcballs,"Gressil, Dawn of Ruin"
2023-12-19,Mistaveeb,"Gressil, Dawn of Ruin"
2023-12-19,Tont,"Gressil, Dawn of Ruin"
2023-12-19,Tont,"Gressil, Dawn of Ruin"
2023-12-19,Integrity,Hammer of the Twisting Nether
2023-12-19,Mainevent,Hammer of the Twisting Nether
2023-12-19,Miltonmane,Hammer of the Twisting Nether
2023-12-19,Checkursix,"Iblis, Blade of the Fallen Seraph"
2023-12-19,Mictlantecuh,"Iblis, Blade of the Fallen Seraph"
2023-12-19,Ratbag,Kingsfall
2023-12-19,Chims,Kiss of the Spider
2023-12-19,Cleavadge,Kiss of the Spider
2023-12-19,Dilph,Kiss of the Spider
2023-12-19,Mcballs,Kiss of the Spider
2023-12-19,Mistaveeb,Kiss of the Spider
2023-12-19,Rootz,Leggings of Apocalypse
2023-12-19,Airz,Might of Menethil
2023-12-19,Airz,Might of Menethil
2023-12-19,Dinoblunt,Might of Menethil
2023-12-19,Falariss,Might of the Scourge
2023-12-19,Falariss,Might of the Scourge
2023-12-19,Rootz,Might of the Scourge
2023-12-19,Azzith,Nerubian Slavemaker
2023-12-19,Azzith,Nerubian Slavemaker
2023-12-19,Ruug,Nerubian Slavemaker
2023-12-19,Ruug,Nerubian Slavemaker
2023-12-19,Bli,Plated Abomination Ribcage
2023-12-19,Mainevent,Ring of Faith
2023-12-19,Gusad,Ring of the Dreadnaught
2023-12-19,Briseis,Sapphiron's Left Eye
2023-12-19,Burkinafaso,Sapphiron's Left Eye
2023-12-19,Jensin,Sapphiron's Right Eye
2023-12-19,Miltonmane,Shield of Condemnation
2023-12-19,Waumbek,Shield of Condemnation
2023-12-19,Farquaad,Shroud of Dominion
2023-12-19,Pogg,Shroud of Dominion
2023-12-19,Checkursix,Slayer's Crest
2023-12-19,Farquaad,Slayer's Crest
2023-12-19,Nihilistik,Slayer's Crest
2023-12-19,Ratbag,Slayer's Crest
2023-12-19,Iggyy,Soulstring
2023-12-19,Bli,Stormrage's Talisman of Seething
2023-12-19,Chims,Stormrage's Talisman of Seething
2023-12-19,Dinoblunt,The Castigator
2023-12-19,Mictlantecuh,The Castigator
2023-12-19,Waumbek,The End of Dreams
2023-12-19,Branremix,The Hungering Cold
2023-12-19,Cleavadge,The Hungering Cold
2023-12-19,Dilph,The Hungering Cold
2023-12-19,Nihilistik,The Hungering Cold
2023-12-19,Pogg,The Hungering Cold
2023-12-19,Iggyy,The Phylactery of Kel'Thuzad
2023-12-19,Gandal,The Restrained Essence of Sapphiron
2023-12-19,Gome,The Restrained Essence of Sapphiron
2023-12-19,Jensin,The Restrained Essence of Sapphiron
2023-12-19,Smoothpriest,The Restrained Essence of Sapphiron
2023-12-19,Louieflamezz,Wand of Fates
2023-12-19,Burkinafaso,Wraith Blade
2023-12-19,Muntz,Wraith Blade
2023-12-19,Runtzxcookie,Wraith Blade
2025-04-22,Gduel,Band of Unanswered Prayers
2025-04-22,Donfrye,Band of Unnatural Forces
2025-04-22,Ghili,Band of Unnatural Forces
2025-04-22,Novely,Band of Unnatural Forces
2025-04-22,Phaross,Band of Unnatural Forces
2025-04-22,Branremix,Cloak of Suturing
2025-04-22,Chimpsmage,Cloak of the Necropolis
2025-04-22,Holyfist,Desecrated Headpiece
2025-04-22,Kushcloud,Doomfinger
2025-04-22,Branremix,Eye of the Dead
2025-04-22,Dwarfjessus,Eye of the Dead
2025-04-22,Illadelph,Eye of the Dead
2025-04-22,Illadelph,Eye of the Dead
2025-04-22,Mistav,Eye of the Dead
2025-04-22,Mistav,Eye of the Dead
2025-04-22,Thorgene,Eye of the Dead
2025-04-22,Thorgene,Eye of the Dead
2025-04-22,Abusementprk,Girdle of the Mentor
2025-04-22,Feq,Girdle of the Mentor
2025-04-22,Glad,Girdle of the Mentor
2025-04-22,Madder,Girdle of the Mentor
2025-04-22,Dwarfjessus,Hammer of the Twisting Nether
2025-04-22,Reciprocate,Hammer of the Twisting Nether
2025-04-22,Valoriwar,Hatchet of Sundered Bone
2025-04-22,Nomerdva,"Iblis, Blade of the Fallen Seraph"
2025-04-22,Saladbalding,"Iblis, Blade of the Fallen Seraph"
2025-04-22,Torreypines,"Iblis, Blade of the Fallen Seraph"
2025-04-22,Zosokid,"Iblis, Blade of the Fallen Seraph"
2025-04-22,Zosokid,"Iblis, Blade of the Fallen Seraph"
2025-04-22,Boygirl,Kingsfall
2025-04-22,Slashi,Kingsfall
2025-04-22,Boygirl,Kiss of the Spider
2025-04-22,Madder,Kiss of the Spider
2025-04-22,Rusti,Kiss of the Spider
2025-04-22,Rusti,Kiss of the Spider
2025-04-22,Slashi,Kiss of the Spider
2025-04-22,Torreypines,Kiss of the Spider
2025-04-22,Saladbalding,Leggings of Apocalypse
2025-04-22,Chimpsmage,Leggings of Polarity
2025-04-22,Abusementprk,Legplates of Carnage
2025-04-22,Valoriwar,Legplates of Carnage
2025-04-22,Gduel,Might of Menethil
2025-04-22,Aile,Misplaced Servo Arm
2025-04-22,Bli,Necklace of Necropsy
2025-04-22,Bli,Necklace of Necropsy
2025-04-22,Greybush,Necklace of Necropsy
2025-04-22,Aile,Nerubian Slavemaker
2025-04-22,Alpineey,Nerubian Slavemaker
2025-04-22,Glad,Plated Abomination Ribcage
2025-04-22,Greybush,Resilience of the Scourge
2025-04-22,Dionefastrgf,Sapphiron's Left Eye
2025-04-22,Dionefastrgf,Sapphiron's Left Eye
2025-04-22,Avecz,Shroud of Dominion
2025-04-22,Dinoblunts,Slayer's Crest
2025-04-22,Donfrye,Slayer's Crest
2025-04-22,Ghili,Slayer's Crest
2025-04-22,Novely,Slayer's Crest
2025-04-22,Huxli,Soulstring
2025-04-22,Alpineey,Stormrage's Talisman of Seething
2025-04-22,Dinoblunts,Stormrage's Talisman of Seething
2025-04-22,Feq,Stormrage's Talisman of Seething
2025-04-22,Avecz,The Castigator
2025-04-22,Nomerdva,The Castigator
2025-04-22,Phaross,The Castigator
2025-04-22,Donzonæq,The Restrained Essence of Sapphiron
2025-04-22,Donzonæq,The Restrained Essence of Sapphiron
2025-04-22,Kirkyoom,The Restrained Essence of Sapphiron
2025-04-22,Kirkyoom,The Restrained Essence of Sapphiron
2025-04-22,Kurdinn,The Restrained Essence of Sapphiron
2025-04-22,Kushcloud,The Restrained Essence of Sapphiron
2025-04-22,Holyfist,The Widow's Embrace
2025-04-22,Deadcoiles,Wand of Fates
2025-04-22,Kurdinn,Wand of Fates
2025-04-22,Deadcoiles,Wraith Blade
2025-04-22,Reciprocate,Wraith Blade
2025-04-22,Huxli,Wristguards of Vengeance
2024-04-16,Mictlantecuh,Band of Unnatural Forces
2024-04-16,Rootz,Band of Unnatural Forces
2024-04-16,Vanishh,Band of Unnatural Forces
2024-04-16,Jensin,Cloak of Suturing
2024-04-16,Antimercy,Cloak of the Necropolis
2024-04-16,Farquaad,Corrupted Ashbringer
2024-04-16,Waumbek,Cryptfiend Silk Cloak
2024-04-16,Burkinafaso,Desecrated Robe
2024-04-16,Miltonmane,Desecrated Tunic
2024-04-16,Brislis,Eye of the Dead
2024-04-16,Gandal,Eye of the Dead
2024-04-16,Puppies,Eye of the Dead
2024-04-16,Glad,Girdle of the Mentor
2024-04-16,Pogg,Girdle of the Mentor
2024-04-16,Ábrams,Girdle of the Mentor
2024-04-16,Arizana,Hammer of the Twisting Nether
2024-04-16,Bli,Hammer of the Twisting Nether
2024-04-16,Brislis,Hammer of the Twisting Nether
2024-04-16,Miltonmane,Hammer of the Twisting Nether
2024-04-16,Puppies,Hammer of the Twisting Nether
2024-04-16,Farquaad,Harbinger of Doom
2024-04-16,Alpineey,"Iblis, Blade of the Fallen Seraph"
2024-04-16,Checkursix,"Iblis, Blade of the Fallen Seraph"
2024-04-16,Spach,"Iblis, Blade of the Fallen Seraph"
2024-04-16,Rickytanx,Kingsfall
2024-04-16,Abusementprk,Kiss of the Spider
2024-04-16,Checkursix,Kiss of the Spider
2024-04-16,Chims,Kiss of the Spider
2024-04-16,Chims,Kiss of the Spider
2024-04-16,Mcballs,Kiss of the Spider
2024-04-16,Nineteenalt,Kiss of the Spider
2024-04-16,Nineteenalt,Kiss of the Spider
2024-04-16,Antimercy,Leggings of Polarity
2024-04-16,Bojjo,Leggings of Polarity
2024-04-16,Shortandthic,Leggings of Polarity
2024-04-16,Finesse,Legplates of Carnage
2024-04-16,Airz,Might of Menethil
2024-04-16,Airz,Might of Menethil
2024-04-16,Arizana,Might of Menethil
2024-04-16,Waumbek,Might of Menethil
2024-04-16,Yagå,Might of Menethil
2024-04-16,Ruug,Might of the Scourge
2024-04-16,Jensin,Necklace of Necropsy
2024-04-16,Onefiftyone,Necklace of Necropsy
2024-04-16,Bli,Nerubian Slavemaker
2024-04-16,Finesse,Plated Abomination Ribcage
2024-04-16,Gome,Preceptor's Hat
2024-04-16,Dirtydëëds,Sadist's Collar
2024-04-16,Impax,Sapphiron's Left Eye
2024-04-16,Shortandthic,Sapphiron's Left Eye
2024-04-16,Mistaveeb,Shroud of Dominion
2024-04-16,Yagå,Shroud of Dominion
2024-04-16,Abusementprk,Slayer's Crest
2024-04-16,Mcballs,Slayer's Crest
2024-04-16,Pogg,Slayer's Crest
2024-04-16,Ruug,Slayer's Crest
2024-04-16,Vanishh,Slayer's Crest
2024-04-16,Zongas,Slayer's Crest
2024-04-16,Dirtydëëds,Soulstring
2024-04-16,Mictlantecuh,Stormrage's Talisman of Seething
2024-04-16,Mistaveeb,Stormrage's Talisman of Seething
2024-04-16,Rootz,Stormrage's Talisman of Seething
2024-04-16,Glad,The Castigator
2024-04-16,Spach,The Castigator
2024-04-16,Alpineey,The Face of Death
2024-04-16,Ábrams,The Phylactery of Kel'Thuzad
2024-04-16,Burkinafaso,The Restrained Essence of Sapphiron
2024-04-16,Impax,The Restrained Essence of Sapphiron
2024-04-16,Uwudaddy,The Restrained Essence of Sapphiron
2024-04-16,Bojjo,The Soul Harvester's Bindings
2024-04-16,Gandal,Veil of Eclipse
2024-04-16,Uwudaddy,Wand of Fates
2024-04-16,Onefiftyone,Wand of the Whispering Dead
2024-04-16,Skiiska,Wand of the Whispering Dead
2024-04-16,Skiiska,Wand of the Whispering Dead
2024-04-16,Zongas,Widow's Remorse
2024-04-16,Rickytanx,Wristguards of Vengeance
2024-09-03,Airz,Band of Unanswered Prayers
2024-09-03,Rootz,Band of Unanswered Prayers
2024-09-03,Abusementprk,Band of Unnatural Forces
2024-09-03,Feq,Band of Unnatural Forces
2024-09-03,Finesse,Band of Unnatural Forces
2024-09-03,Vanishh,Band of Unnatural Forces
2024-09-03,Skiiska,Band of the Inevitable
2024-09-03,Gugsx,Claw of the Frost Wyrm
2024-09-03,Anaomil,Cloak of Suturing
2024-09-03,Donzonæq,Cloak of the Necropolis
2024-09-03,Uwudaddy,Cloak of the Necropolis
2024-09-03,Dionefastrgf,Desecrated Circlet
2024-09-03,Dionefastrgf,Desecrated Robe
2024-09-03,Bli,Eye of the Dead
2024-09-03,Bli,Eye of the Dead
2024-09-03,Burkhealz,Eye of the Dead
2024-09-03,Lilanni,Eye of the Dead
2024-09-03,Maidenn,Eye of the Dead
2024-09-03,Mistav,Eye of the Dead
2024-09-03,Shaala,Eye of the Dead
2024-09-03,Shaala,Eye of the Dead
2024-09-03,Waumbek,Gem of Trapped Innocents
2024-09-03,Airz,Girdle of the Mentor
2024-09-03,Branremix,Hammer of the Twisting Nether
2024-09-03,Burkhealz,Hammer of the Twisting Nether
2024-09-03,Lilanni,Hammer of the Twisting Nether
2024-09-03,Maidenn,Hammer of the Twisting Nether
2024-09-03,Mistav,Hammer of the Twisting Nether
2024-09-03,Yasuke,Hatchet of Sundered Bone
2024-09-03,Finesse,"Iblis, Blade of the Fallen Seraph"
2024-09-03,Copecetic,Kingsfall
2024-09-03,Cornehc,Kingsfall
2024-09-03,Yasuke,Kingsfall
2024-09-03,Alpineey,Kiss of the Spider
2024-09-03,Alpineey,Kiss of the Spider
2024-09-03,Checkursix,Kiss of the Spider
2024-09-03,Glad,Kiss of the Spider
2024-09-03,Glad,Kiss of the Spider
2024-09-03,Knumb,Kiss of the Spider
2024-09-03,Mictlantecuh,Kiss of the Spider
2024-09-03,Toxicalover,Kiss of the Spider
2024-09-03,Chimpsmage,Leggings of Polarity
2024-09-03,Donzonæq,Leggings of Polarity
2024-09-03,Critzmcgee,Legplates of Carnage
2024-09-03,Knumb,Legplates of Carnage
2024-09-03,Impax,Loatheb's Reflection
2024-09-03,Checkursix,Might of the Scourge
2024-09-03,Vanishh,Might of the Scourge
2024-09-03,Waumbek,Misplaced Servo Arm
2024-09-03,Copecetic,Nerubian Slavemaker
2024-09-03,Ábrams,Plated Abomination Ribcage
2024-09-03,Bojjo,Preceptor's Hat
2024-09-03,Bojjo,Sapphiron's Left Eye
2024-09-03,Skiiska,Seal of the Damned
2024-09-03,Anaomil,Shield of Condemnation
2024-09-03,Feq,Shroud of Dominion
2024-09-03,Mictlantecuh,Shroud of Dominion
2024-09-03,Bethaylorn,Slayer's Crest
2024-09-03,Branremix,Slayer's Crest
2024-09-03,Jetrho,Slayer's Crest
2024-09-03,Jetrho,Slayer's Crest
2024-09-03,Rootz,Slayer's Crest
2024-09-03,Toxicalover,Slayer's Crest
2024-09-03,Abusementprk,Stormrage's Talisman of Seething
2024-09-03,Ábrams,Stormrage's Talisman of Seething
2024-09-03,Bethaylorn,The Castigator
2024-09-03,Critzmcgee,The Castigator
2024-09-03,Nineteenalt,The Face of Death
2024-09-03,Reciprocate,The Face of Death
2024-09-03,Cornehc,The Phylactery of Kel'Thuzad
2024-09-03,Gugsx,The Phylactery of Kel'Thuzad
2024-09-03,Supgap,The Restrained Essence of Sapphiron
2024-09-03,Supgap,The Restrained Essence of Sapphiron
2024-09-03,Uwudaddy,The Restrained Essence of Sapphiron
2024-09-03,Chimpsmage,The Soul Harvester's Bindings
2024-09-03,Impax,Touch of Frost
2024-09-03,Reciprocate,Widow's Remorse
2024-09-03,Nineteenalt,Wristguards of Vengeance
2024-01-02,Dreamer,Band of Unanswered Prayers
2024-01-02,Dirtydeeds,Band of Unnatural Forces
2024-01-02,Impax,Cloak of the Necropolis
2024-01-02,Integrity,Corrupted Ashbringer
2024-01-02,Bossdelguapo,Death's Bargain
2024-01-02,Bojjo,Desecrated Circlet
2024-01-02,Skiiska,Desecrated Circlet
2024-01-02,Incubussy,Desecrated Gloves
2024-01-02,Incubussy,Desecrated Leggings
2024-01-02,Burkinafaso,Desecrated Robe
2024-01-02,Skiiska,Desecrated Sandals
2024-01-02,Kurdinn,Desecrated Shoulderpads
2024-01-02,Gome,Doomfinger
2024-01-02,Censer,Eye of the Dead
2024-01-02,Cosmicheals,Eye of the Dead
2024-01-02,Dreamer,Eye of the Dead
2024-01-02,Gandal,Fortitude of the Scourge
2024-01-02,Briseis,Gem of Trapped Innocents
2024-01-02,Chims,Ghoul Skin Tunic
2024-01-02,Branremix,Girdle of the Mentor
2024-01-02,Chims,Girdle of the Mentor
2024-01-02,Freightdawg,"Gressil, Dawn of Ruin"
2024-01-02,Iggyy,"Gressil, Dawn of Ruin"
2024-01-02,Mcballs,"Gressil, Dawn of Ruin"
2024-01-02,Mistaveeb,"Gressil, Dawn of Ruin"
2024-01-02,Zongasfive,"Gressil, Dawn of Ruin"
2024-01-02,Censer,Hammer of the Twisting Nether
2024-01-02,Mainevent,Hammer of the Twisting Nether
2024-01-02,Dirtydeeds,Harbinger of Doom
2024-01-02,Thorgena,Hatchet of Sundered Bone
2024-01-02,Checkursix,"Iblis, Blade of the Fallen Seraph"
2024-01-02,Iggyy,"Iblis, Blade of the Fallen Seraph"
2024-01-02,Cleavadge,Kiss of the Spider
2024-01-02,Freightdawg,Kiss of the Spider
2024-01-02,Knumb,Kiss of the Spider
2024-01-02,Knumb,Kiss of the Spider
2024-01-02,Nineteenalt,Kiss of the Spider
2024-01-02,Nineteenalt,Kiss of the Spider
2024-01-02,Impax,Leggings of Polarity
2024-01-02,Airz,Might of Menethil
2024-01-02,Airz,Might of Menethil
2024-01-02,Mcballs,Might of Menethil
2024-01-02,Azzith,Nerubian Slavemaker
2024-01-02,Azzith,Nerubian Slavemaker
2024-01-02,Ruug,Nerubian Slavemaker
2024-01-02,Ruug,Nerubian Slavemaker
2024-01-02,Cosmicheals,Noth's Frigid Heart
2024-01-02,Mictlantecuh,Plated Abomination Ribcage
2024-01-02,Mainevent,Ring of Faith
2024-01-02,Jensin,Sapphiron's Right Eye
2024-01-02,Kurdinn,Seal of the Damned
2024-01-02,Integrity,Shield of Condemnation
2024-01-02,Pogg,Shroud of Dominion
2024-01-02,Ratbag,Shroud of Dominion
2024-01-02,Checkursix,Slayer's Crest
2024-01-02,Farquaad,Slayer's Crest
2024-01-02,Nihilistik,Slayer's Crest
2024-01-02,Ratbag,Slayer's Crest
2024-01-02,Bli,Stormrage's Talisman of Seething
2024-01-02,Bli,Stormrage's Talisman of Seething
2024-01-02,Farquaad,Stormrage's Talisman of Seething
2024-01-02,Waumbek,Stygian Buckler
2024-01-02,Mictlantecuh,The Castigator
2024-01-02,Zongasfive,The Castigator
2024-01-02,Waumbek,The End of Dreams
2024-01-02,Branremix,The Hungering Cold
2024-01-02,Cleavadge,The Hungering Cold
2024-01-02,Mistaveeb,The Hungering Cold
2024-01-02,Nihilistik,The Hungering Cold
2024-01-02,Pogg,The Hungering Cold
2024-01-02,Baalthazar,The Restrained Essence of Sapphiron
2024-01-02,Baalthazar,The Restrained Essence of Sapphiron
2024-01-02,Briseis,The Restrained Essence of Sapphiron
2024-01-02,Gandal,The Restrained Essence of Sapphiron
2024-01-02,Jensin,The Restrained Essence of Sapphiron
2024-01-02,Gome,The Soul Harvester's Bindings
2024-01-02,Bossdelguapo,The Widow's Embrace
2024-01-02,Bojjo,Wraith Blade
2024-01-02,Burkinafaso,Wraith Blade
2024-01-02,Thorgena,Wristguards of Vengeance
2024-03-26,Antimercy,Band of Unanswered Prayers
2024-03-26,Mictlantecuh,Band of Unnatural Forces
2024-03-26,Rootz,Band of Unnatural Forces
2024-03-26,Vanishh,Band of Unnatural Forces
2024-03-26,Prunes,Brimstone Staff
2024-03-26,Antimercy,Cloak of Suturing
2024-03-26,Hegred,Cloak of the Necropolis
2024-03-26,Shortandthic,Cloak of the Necropolis
2024-03-26,Yagå,Corrupted Ashbringer
2024-03-26,Burkinafaso,Desecrated Robe
2024-03-26,Rise,Desecrated Robe
2024-03-26,Rise,Desecrated Shoulderpads
2024-03-26,Gandal,Eye of the Dead
2024-03-26,Onefiftyone,Eye of the Dead
2024-03-26,Onefiftyone,Eye of the Dead
2024-03-26,Puppies,Eye of the Dead
2024-03-26,Impax,Gem of Trapped Innocents
2024-03-26,Kurdinn,Gem of Trapped Innocents
2024-03-26,Dinoblunt,Girdle of the Mentor
2024-03-26,Mistaveeb,Girdle of the Mentor
2024-03-26,Pogg,Girdle of the Mentor
2024-03-26,Yagå,Girdle of the Mentor
2024-03-26,Gandal,Hammer of the Twisting Nether
2024-03-26,Puppies,Hammer of the Twisting Nether
2024-03-26,Farquaad,Harbinger of Doom
2024-03-26,Alpineey,"Iblis, Blade of the Fallen Seraph"
2024-03-26,Checkursix,"Iblis, Blade of the Fallen Seraph"
2024-03-26,Farquaad,Kingsfall
2024-03-26,Abusementprk,Kiss of the Spider
2024-03-26,Checkursix,Kiss of the Spider
2024-03-26,Chims,Kiss of the Spider
2024-03-26,Chims,Kiss of the Spider
2024-03-26,Knumb,Kiss of the Spider
2024-03-26,Mcballs,Kiss of the Spider
2024-03-26,Burkinafaso,Leggings of Polarity
2024-03-26,Shortandthic,Leggings of Polarity
2024-03-26,Branremix,Might of Menethil
2024-03-26,Spach,Might of Menethil
2024-03-26,Spach,Might of Menethil
2024-03-26,Waumbek,Might of Menethil
2024-03-26,Ruug,Might of the Scourge
2024-03-26,Bli,Nerubian Slavemaker
2024-03-26,Bli,Nerubian Slavemaker
2024-03-26,Pogg,Plated Abomination Ribcage
2024-03-26,Gome,Preceptor's Hat
2024-03-26,Stickyricky,Rime Covered Mantle
2024-03-26,Impax,Sapphiron's Left Eye
2024-03-26,Kurdinn,Sapphiron's Left Eye
2024-03-26,Redswervv,Sapphiron's Left Eye
2024-03-26,Winter,Shield of Condemnation
2024-03-26,Cleavadge,Shroud of Dominion
2024-03-26,Dirtydëëds,Shroud of Dominion
2024-03-26,Mictlantecuh,Shroud of Dominion
2024-03-26,Abusementprk,Slayer's Crest
2024-03-26,Mcballs,Slayer's Crest
2024-03-26,Nineteenalt,Slayer's Crest
2024-03-26,Nineteenalt,Slayer's Crest
2024-03-26,Ruug,Slayer's Crest
2024-03-26,Vanishh,Slayer's Crest
2024-03-26,Skiiska,Soulseeker
2024-03-26,Dirtydëëds,Soulstring
2024-03-26,Branremix,Stormrage's Talisman of Seething
2024-03-26,Mistaveeb,Stormrage's Talisman of Seething
2024-03-26,Rootz,Stormrage's Talisman of Seething
2024-03-26,Alpineey,The Castigator
2024-03-26,Dinoblunt,The Castigator
2024-03-26,Waumbek,The Face of Death
2024-03-26,Gome,The Phylactery of Kel'Thuzad
2024-03-26,Bojjo,The Restrained Essence of Sapphiron
2024-03-26,Bojjo,The Restrained Essence of Sapphiron
2024-03-26,Hegred,The Restrained Essence of Sapphiron
2024-03-26,Holyrolled,The Restrained Essence of Sapphiron
2024-03-26,Holyrolled,The Restrained Essence of Sapphiron
2024-03-26,Prunes,The Restrained Essence of Sapphiron
2024-03-26,Stickyricky,The Soul Harvester's Bindings
2024-03-26,Winter,The Widow's Embrace
2024-03-26,Redswervv,Wand of Fates
2024-03-26,Skiiska,Wand of the Whispering Dead
2024-03-26,Cleavadge,Wristguards of Vengeance
2024-03-26,Knumb,Wristguards of Vengeance
2024-05-16,Spacepimp,Band of Unanswered Prayers
2024-05-16,Finesse,Band of Unnatural Forces
2024-05-16,Madmaxjr,Band of Unnatural Forces
2024-05-16,Mictlantecuh,Band of Unnatural Forces
2024-05-16,Rootz,Band of Unnatural Forces
2024-05-16,Vanishh,Band of Unnatural Forces
2024-05-16,Supgap,Band of the Inevitable
2024-05-16,Arizana,Corrupted Ashbringer
2024-05-16,Waumbek,Cryptfiend Silk Cloak
2024-05-16,Lilanni,Desecrated Circlet
2024-05-16,Burkinn,Desecrated Robe
2024-05-16,Gandal,Eye of the Dead
2024-05-16,Pookblaster,Eye of the Dead
2024-05-16,Shaala,Eye of the Dead
2024-05-16,Shaala,Eye of the Dead
2024-05-16,Slieb,Eye of the Dead
2024-05-16,Bli,Ghoul Skin Tunic
2024-05-16,Panduuh,Girdle of the Mentor
2024-05-16,Pogg,Girdle of the Mentor
2024-05-16,Ábrams,Girdle of the Mentor
2024-05-16,Ogbigz,Hammer of the Twisting Nether
2024-05-16,Pookblaster,Hammer of the Twisting Nether
2024-05-16,Spacepimp,Hammer of the Twisting Nether
2024-05-16,Aleice,"Iblis, Blade of the Fallen Seraph"
2024-05-16,Checkursix,"Iblis, Blade of the Fallen Seraph"
2024-05-16,Finesse,"Iblis, Blade of the Fallen Seraph"
2024-05-16,Abusementprk,Kiss of the Spider
2024-05-16,Alpineey,Kiss of the Spider
2024-05-16,Checkursix,Kiss of the Spider
2024-05-16,Chims,Kiss of the Spider
2024-05-16,Chims,Kiss of the Spider
2024-05-16,Dinoblunt,Kiss of the Spider
2024-05-16,Madmaxjr,Kiss of the Spider
2024-05-16,Micklevi,Kiss of the Spider
2024-05-16,Microgodx,Kiss of the Spider
2024-05-16,Mictlantecuh,Kiss of the Spider
2024-05-16,Mìlfurion,Kiss of the Spider
2024-05-16,Mìlfurion,Leggings of Apocalypse
2024-05-16,Bojjo,Leggings of Polarity
2024-05-16,Microgodx,Legplates of Carnage
2024-05-16,Ábrams,Legplates of Carnage
2024-05-16,Ogbigz,Libram of Light
2024-05-16,Arizana,Might of Menethil
2024-05-16,Waumbek,Might of Menethil
2024-05-16,Bli,Nerubian Slavemaker
2024-05-16,Alpineey,Plated Abomination Ribcage
2024-05-16,Panduuh,Plated Abomination Ribcage
2024-05-16,Supgap,Preceptor's Hat
2024-05-16,Lilanni,Ring of Faith
2024-05-16,Impax,Sapphiron's Left Eye
2024-05-16,Slieb,Shield of Condemnation
2024-05-16,Jetrho,Shroud of Dominion
2024-05-16,Mistaveeb,Shroud of Dominion
2024-05-16,Ruug,Shroud of Dominion
2024-05-16,Abusementprk,Slayer's Crest
2024-05-16,Jetrho,Slayer's Crest
2024-05-16,Micklevi,Slayer's Crest
2024-05-16,Nineteenalt,Slayer's Crest
2024-05-16,Nineteenalt,Slayer's Crest
2024-05-16,Pogg,Slayer's Crest
2024-05-16,Ruug,Slayer's Crest
2024-05-16,Vanishh,Slayer's Crest
2024-05-16,Mistaveeb,Stormrage's Talisman of Seething
2024-05-16,Rootz,Stormrage's Talisman of Seething
2024-05-16,Aleice,The Castigator
2024-05-16,Dmackk,The Castigator
2024-05-16,Glad,The Castigator
2024-05-16,Glad,The Castigator
2024-05-16,Bojjo,The Phylactery of Kel'Thuzad
2024-05-16,Dmackk,The Phylactery of Kel'Thuzad
2024-05-16,Burkinn,The Restrained Essence of Sapphiron
2024-05-16,Impax,The Restrained Essence of Sapphiron
2024-05-16,Gandal,Veil of Eclipse
2024-05-16,Gome,Wand of Fates
2024-05-16,Gome,Wand of Fates
2024-05-16,Skiiska,Wand of the Whispering Dead
2024-05-16,Skiiska,Wand of the Whispering Dead
2024-05-16,Dinoblunt,Wristguards of Vengeance
2025-09-09,Rayss,Band of Unanswered Prayers
2025-09-09,Anticide,Band of Unnatural Forces
2025-09-09,Ares,Band of Unnatural Forces
2025-09-09,Rusti,Band of Unnatural Forces
2025-09-09,Slout,Band of Unnatural Forces
2025-09-09,Vallanz,Cloak of the Necropolis
2025-09-09,Holyfist,Corrupted Ashbringer
2025-09-09,Calul,Desecrated Robe
2025-09-09,Grapedrink,Eye of the Dead
2025-09-09,Groves,Eye of the Dead
2025-09-09,Mhorana,Eye of the Dead
2025-09-09,Toxicalover,Eye of the Dead
2025-09-09,Ares,Girdle of the Mentor
2025-09-09,Huxli,Girdle of the Mentor
2025-09-09,Huxli,Girdle of the Mentor
2025-09-09,Macthorson,Girdle of the Mentor
2025-09-09,Madder,Girdle of the Mentor
2025-09-09,Saladbalding,Girdle of the Mentor
2025-09-09,Solidsmtx,Girdle of the Mentor
2025-09-09,Grapedrink,Hammer of the Twisting Nether
2025-09-09,Groves,Hammer of the Twisting Nether
2025-09-09,Holyfist,Hammer of the Twisting Nether
2025-09-09,Mhorana,Hammer of the Twisting Nether
2025-09-09,Toxicalover,Hammer of the Twisting Nether
2025-09-09,Airdass,"Iblis, Blade of the Fallen Seraph"
2025-09-09,Feq,"Iblis, Blade of the Fallen Seraph"
2025-09-09,Mesmasshuu,"Iblis, Blade of the Fallen Seraph"
2025-09-09,Hurb,Kingsfall
2025-09-09,Anticide,Kiss of the Spider
2025-09-09,Dilphiv,Kiss of the Spider
2025-09-09,Dwamasama,Kiss of the Spider
2025-09-09,Ethos,Kiss of the Spider
2025-09-09,Michaelre,Kiss of the Spider
2025-09-09,Saladbalding,Kiss of the Spider
2025-09-09,Deadcoiles,Leggings of Polarity
2025-09-09,Andragan,Legplates of Carnage
2025-09-09,Michaelre,Legplates of Carnage
2025-09-09,Darkwings,Libram of Light
2025-09-09,Patriot,Libram of Light
2025-09-09,Feq,Might of Menethil
2025-09-09,Balinsteel,Might of the Scourge
2025-09-09,Ethos,Misplaced Servo Arm
2025-09-09,Aberria,Necklace of Necropsy
2025-09-09,Darkwings,Necklace of Necropsy
2025-09-09,Abusementprk,Nerubian Slavemaker
2025-09-09,Glad,Nerubian Slavemaker
2025-09-09,Meco,Nerubian Slavemaker
2025-09-09,Meco,Nerubian Slavemaker
2025-09-09,Dwamasama,Plated Abomination Ribcage
2025-09-09,Macthorson,Plated Abomination Ribcage
2025-09-09,Vallanz,Rime Covered Mantle
2025-09-09,Patriot,Shield of Condemnation
2025-09-09,Andragan,Shroud of Dominion
2025-09-09,Glad,Shroud of Dominion
2025-09-09,Balinsteel,Slayer's Crest
2025-09-09,Dilphiv,Slayer's Crest
2025-09-09,Madder,Slayer's Crest
2025-09-09,Rusti,Slayer's Crest
2025-09-09,Greybush,Soulseeker
2025-09-09,Airdass,Soulstring
2025-09-09,Rayss,Spire of Twilight
2025-09-09,Abusementprk,Stormrage's Talisman of Seething
2025-09-09,Slout,Stormrage's Talisman of Seething
2025-09-09,Solidsmtx,Stormrage's Talisman of Seething
2025-09-09,Hurb,The Castigator
2025-09-09,Mesmasshuu,The Castigator
2025-09-09,Greybush,The Phylactery of Kel'Thuzad
2025-09-09,Kushcloud,The Restrained Essence of Sapphiron
2025-09-09,Kushcloud,The Restrained Essence of Sapphiron
2025-09-09,Mandraky,The Restrained Essence of Sapphiron
2025-09-09,Mandraky,The Restrained Essence of Sapphiron
2025-09-09,Deadcoiles,Wand of Fates
2025-09-09,Aberria,Wand of the Whispering Dead
2025-09-09,Calul,Wraith Blade
2023-12-26,Shaala,Band of Unanswered Prayers
2023-12-26,Cl,Band of Unnatural Forces
2023-12-26,Kimboslice,Band of Unnatural Forces
2023-12-26,Bothealz,Brimstone Staff
2023-12-26,Impax,Cloak of the Necropolis
2023-12-26,Mageww,Cloak of the Necropolis
2023-12-26,Holyrolled,Corrupted Ashbringer
2023-12-26,Integrity,Corrupted Ashbringer
2023-12-26,Bothealz,Crystal Webbed Robe
2023-12-26,Miltonmane,Death's Bargain
2023-12-26,Runtzxcookie,Desecrated Circlet
2023-12-26,Manhealme,Desecrated Robe
2023-12-26,Mittenz,Desecrated Robe
2023-12-26,Bojjo,Desecrated Sandals
2023-12-26,Kurdinn,Desecrated Shoulderpads
2023-12-26,Manhealme,Desecrated Shoulderpads
2023-12-26,Gome,Doomfinger
2023-12-26,Begs,Eye of the Dead
2023-12-26,Censer,Eye of the Dead
2023-12-26,Gandal,Fortitude of the Scourge
2023-12-26,Branremix,Girdle of the Mentor
2023-12-26,Nineteenalt,Girdle of the Mentor
2023-12-26,Iggsy,"Gressil, Dawn of Ruin"
2023-12-26,Mcballs,"Gressil, Dawn of Ruin"
2023-12-26,Begs,Hammer of the Twisting Nether
2023-12-26,Censer,Hammer of the Twisting Nether
2023-12-26,Miltonmane,Hammer of the Twisting Nether
2023-12-26,Kimboslice,Harbinger of Doom
2023-12-26,Cl,Hatchet of Sundered Bone
2023-12-26,Thorgena,Hatchet of Sundered Bone
2023-12-26,Checkursix,"Iblis, Blade of the Fallen Seraph"
2023-12-26,Dwa,Kingsfall
2023-12-26,Thorgena,Kingsfall
2023-12-26,Cleavadge,Kiss of the Spider
2023-12-26,Dilph,Kiss of the Spider
2023-12-26,Iggsy,Kiss of the Spider
2023-12-26,Nineteenalt,Kiss of the Spider
2023-12-26,Impax,Leggings of Polarity
2023-12-26,Chims,Legplates of Carnage
2023-12-26,Dwa,Maexxna's Fang
2023-12-26,Holyrolled,Might of Menethil
2023-12-26,Mcballs,Might of Menethil
2023-12-26,Mictlantecuh,Misplaced Servo Arm
2023-12-26,Azzith,Nerubian Slavemaker
2023-12-26,Azzith,Nerubian Slavemaker
2023-12-26,Ruug,Nerubian Slavemaker
2023-12-26,Ruug,Nerubian Slavemaker
2023-12-26,Bli,Plated Abomination Ribcage
2023-12-26,Baalthazar,Rime Covered Mantle
2023-12-26,Mainevent,Ring of Faith
2023-12-26,Burkinafaso,Sapphiron's Left Eye
2023-12-26,Kurdinn,Seal of the Damned
2023-12-26,Integrity,Shield of Condemnation
2023-12-26,Pogg,Shroud of Dominion
2023-12-26,Ratbag,Shroud of Dominion
2023-12-26,Sunderqt,Shroud of Dominion
2023-12-26,Checkursix,Slayer's Crest
2023-12-26,Nihilistik,Slayer's Crest
2023-12-26,Ratbag,Slayer's Crest
2023-12-26,Mageww,Soulseeker
2023-12-26,Sunderqt,Soulstring
2023-12-26,Bli,Stormrage's Talisman of Seething
2023-12-26,Mictlantecuh,The Castigator
2023-12-26,Shaala,The End of Dreams
2023-12-26,Branremix,The Hungering Cold
2023-12-26,Cleavadge,The Hungering Cold
2023-12-26,Dilph,The Hungering Cold
2023-12-26,Nihilistik,The Hungering Cold
2023-12-26,Pogg,The Hungering Cold
2023-12-26,Baalthazar,The Restrained Essence of Sapphiron
2023-12-26,Gandal,The Restrained Essence of Sapphiron
2023-12-26,Gome,The Soul Harvester's Bindings
2023-12-26,Mittenz,The Widow's Embrace
2023-12-26,Louieflamezz,Wand of Fates
2023-12-26,Mainevent,Wand of the Whispering Dead
2023-12-26,Bojjo,Wraith Blade
2023-12-26,Burkinafaso,Wraith Blade
2023-12-26,Louieflamezz,Wraith Blade
2023-12-26,Runtzxcookie,Wraith Blade
2023-12-26,Chims,Wristguards of Vengeance
2024-07-30,Anaomil,Band of Unanswered Prayers
2024-07-30,Finesse,Band of Unnatural Forces
2024-07-30,Poggt,Band of Unnatural Forces
2024-07-30,Toxicalover,Band of Unnatural Forces
2024-07-30,Chimpsmage,Cloak of the Necropolis
2024-07-30,Spacepimp,Corrupted Ashbringer
2024-07-30,Chimpsmage,Desecrated Circlet
2024-07-30,Toolbox,Desecrated Tunic
2024-07-30,Gandal,Doomfinger
2024-07-30,Amberturd,Eye of the Dead
2024-07-30,Bli,Eye of the Dead
2024-07-30,Lilanni,Eye of the Dead
2024-07-30,Shaala,Eye of the Dead
2024-07-30,Shaala,Eye of the Dead
2024-07-30,Arizana,Girdle of the Mentor
2024-07-30,Nineteenhc,Girdle of the Mentor
2024-07-30,Nineteenhc,Girdle of the Mentor
2024-07-30,Amberturd,Hammer of the Twisting Nether
2024-07-30,Bli,Hammer of the Twisting Nether
2024-07-30,Branremix,Hammer of the Twisting Nether
2024-07-30,Kurdinn,Hammer of the Twisting Nether
2024-07-30,Lilanni,Hammer of the Twisting Nether
2024-07-30,Yasuke,Hatchet of Sundered Bone
2024-07-30,Checkursix,"Iblis, Blade of the Fallen Seraph"
2024-07-30,Checkursix,"Iblis, Blade of the Fallen Seraph"
2024-07-30,Finesse,"Iblis, Blade of the Fallen Seraph"
2024-07-30,Gugsx,Kingsfall
2024-07-30,Poggt,Kingsfall
2024-07-30,Abusementprk,Kiss of the Spider
2024-07-30,Abusementprk,Kiss of the Spider
2024-07-30,Feq,Kiss of the Spider
2024-07-30,Feq,Kiss of the Spider
2024-07-30,Glad,Kiss of the Spider
2024-07-30,Glad,Kiss of the Spider
2024-07-30,Mictlantecuh,Kiss of the Spider
2024-07-30,Toxicalover,Kiss of the Spider
2024-07-30,Jetrho,Leggings of Apocalypse
2024-07-30,Donzonæq,Leggings of Polarity
2024-07-30,Supgap,Leggings of Polarity
2024-07-30,Yasuke,Legplates of Carnage
2024-07-30,Ábrams,Legplates of Carnage
2024-07-30,Impax,Loatheb's Reflection
2024-07-30,Arizana,Might of Menethil
2024-07-30,Spacepimp,Might of Menethil
2024-07-30,Aleice,Might of the Scourge
2024-07-30,Saladblesing,Might of the Scourge
2024-07-30,Toolbox,Necklace of Necropsy
2024-07-30,Gugsx,Nerubian Slavemaker
2024-07-30,Knumb,Plated Abomination Ribcage
2024-07-30,Saladblesing,Plated Abomination Ribcage
2024-07-30,Rootz,Sadist's Collar
2024-07-30,Bojjo,Sapphiron's Left Eye
2024-07-30,Bojjo,Sapphiron's Left Eye
2024-07-30,Kurdinn,Sapphiron's Right Eye
2024-07-30,Gandal,Seal of the Damned
2024-07-30,Anaomil,Shield of Condemnation
2024-07-30,Chims,Shroud of Dominion
2024-07-30,Mistaveeb,Shroud of Dominion
2024-07-30,Ábrams,Shroud of Dominion
2024-07-30,Jetrho,Slayer's Crest
2024-07-30,Knumb,Slayer's Crest
2024-07-30,Rootz,Slayer's Crest
2024-07-30,Alpineey,Soulstring
2024-07-30,Alpineey,Stormrage's Talisman of Seething
2024-07-30,Mictlantecuh,Stormrage's Talisman of Seething
2024-07-30,Mistaveeb,Stormrage's Talisman of Seething
2024-07-30,Aleice,The Castigator
2024-07-30,Bethaylorn,The Castigator
2024-07-30,Burkinn,The Restrained Essence of Sapphiron
2024-07-30,Burkinn,The Restrained Essence of Sapphiron
2024-07-30,Supgap,The Restrained Essence of Sapphiron
2024-07-30,Waumbek,The Restrained Essence of Sapphiron
2024-07-30,Waumbek,The Restrained Essence of Sapphiron
2024-07-30,Branremix,The Widow's Embrace
2024-07-30,Impax,Veil of Eclipse
2024-07-30,Donzonæq,Wraith Blade
2024-07-30,Bethaylorn,Wristguards of Vengeance
2024-07-30,Chims,Wristguards of Vengeance
2024-11-19,Feq,Band of Unnatural Forces
2024-11-19,Hamzod,Band of Unnatural Forces
2024-11-19,Lornauarcos,Band of Unnatural Forces
2024-11-19,Prunes,Brimstone Staff
2024-11-19,Hegred,Cloak of the Necropolis
2024-11-19,Hegred,Cloak of the Necropolis
2024-11-19,Moonee,Cryptfiend Silk Cloak
2024-11-19,Saladblesing,Cryptfiend Silk Cloak
2024-11-19,Snugsafe,Desecrated Leggings
2024-11-19,Emann,Desecrated Robe
2024-11-19,Snugsafe,Desecrated Sandals
2024-11-19,Chimpsmage,Doomfinger
2024-11-19,Airz,Eye of the Dead
2024-11-19,Arizana,Eye of the Dead
2024-11-19,Bli,Eye of the Dead
2024-11-19,Bli,Eye of the Dead
2024-11-19,Waumbek,Eye of the Dead
2024-11-19,Waumbek,Eye of the Dead
2024-11-19,Dionefastrgf,Gem of Trapped Innocents
2024-11-19,Trine,Gem of Trapped Innocents
2024-11-19,Knumb,Girdle of the Mentor
2024-11-19,Michaelre,Girdle of the Mentor
2024-11-19,Microgodx,Girdle of the Mentor
2024-11-19,Airz,Glyph of Deflection
2024-11-19,Arizana,Hammer of the Twisting Nether
2024-11-19,Branremix,Hammer of the Twisting Nether
2024-11-19,Reciprocate,Hammer of the Twisting Nether
2024-11-19,Spacepump,Hammer of the Twisting Nether
2024-11-19,Spacepump,Hammer of the Twisting Nether
2024-11-19,Rogue,"Gressil, Dawn of Ruin"
2024-11-19,Alpineey,Kiss of the Spider
2024-11-19,Checkursix,Kiss of the Spider
2024-11-19,Finesse,Kiss of the Spider
2024-11-19,Finesse,Kiss of the Spider
2024-11-19,Glad,Kiss of the Spider
2024-11-19,Glad,Kiss of the Spider
2024-11-19,Hamzod,Kiss of the Spider
2024-11-19,Mictlantecuh,Kiss of the Spider
2024-11-19,Rusti,Kiss of the Spider
2024-11-19,Feq,Leggings of Apocalypse
2024-11-19,Shaala,Leggings of Apocalypse
2024-11-19,Briseis,Leggings of Polarity
2024-11-19,Abusementprk,Legplates of Carnage
2024-11-19,Frostiwarr,Legplates of Carnage
2024-11-19,Moonee,Legplates of Carnage
2024-11-19,Prunes,Might of Menethil
2024-11-19,Michaelre,Might of the Scourge
2024-11-19,Shaala,Necklace of Necropsy
2024-11-19,Donzon,Nerubian Slavemaker
2024-11-19,Nineteenhc,Nerubian Slavemaker
2024-11-19,Rogue,"Gressil, Dawn of Ruin"
2024-11-19,Impax,Rime Covered Mantle
2024-11-19,Emann,Ring of Faith
2024-11-19,Redmangold,Ring of Faith
2024-11-19,Redmangold,Sapphiron's Right Eye
2024-11-19,Reciprocate,Shield of Condemnation
2024-11-19,Knumb,Shroud of Dominion
2024-11-19,Mictlantecuh,Shroud of Dominion
2024-11-19,Mistaveeb,Shroud of Dominion
2024-11-19,Branremix,Slayer's Crest
2024-11-19,Checkursix,Slayer's Crest
2024-11-19,Lornauarcos,Slayer's Crest
2024-11-19,Mistaveeb,Slayer's Crest
2024-11-19,Nineteenhc,Slayer's Crest
2024-11-19,Rusti,Slayer's Crest
2024-11-19,Saladblesing,Slayer's Crest
2024-11-19,Alpineey,Stormrage's Talisman of Seething
2024-11-19,Microgodx,Stormrage's Talisman of Seething
2024-11-19,Pogg,Stormrage's Talisman of Seething
2024-11-19,Frostiwarr,The Castigator
2024-11-19,Donzon,The Phylactery of Kel'Thuzad
2024-11-19,Briseis,The Restrained Essence of Sapphiron
2024-11-19,Burkinn,The Restrained Essence of Sapphiron
2024-11-19,Burkinn,The Restrained Essence of Sapphiron
2024-11-19,Chimpsmage,The Restrained Essence of Sapphiron
2024-11-19,Trine,The Restrained Essence of Sapphiron
2024-11-19,Dionefastrgf,The Soul Harvester's Bindings
2024-11-19,Abusementprk,Wristguards of Vengeance
2024-11-19,Pogg,Wristguards of Vengeance
2025-12-16,Caludin,Band of Unanswered Prayers
2025-12-16,Ares,Band of Unnatural Forces
2025-12-16,Buhf,Band of Unnatural Forces
2025-12-16,Buhf,Band of Unnatural Forces
2025-12-16,Macthorson,Band of Unnatural Forces
2025-12-16,Moonee,Band of Unnatural Forces
2025-12-16,Torreypines,Band of Unnatural Forces
2025-12-16,Ubërzealot,Band of the Inevitable
2025-12-16,Delusion,Claw of the Frost Wyrm
2025-12-16,Caludin,Cloak of Suturing
2025-12-16,Yxmipal,Cloak of Suturing
2025-12-16,Deadcoiles,Cloak of the Necropolis
2025-12-16,Solidsmtx,Corrupted Ashbringer
2025-12-16,Gaussxd,Doomfinger
2025-12-16,Abusementprk,Eye of the Dead
2025-12-16,Bispriest,Eye of the Dead
2025-12-16,Bispriest,Eye of the Dead
2025-12-16,Briseis,Eye of the Dead
2025-12-16,Healsniper,Eye of the Dead
2025-12-16,Healsniper,Eye of the Dead
2025-12-16,Enormous,Frostfire Ring
2025-12-16,Abbatha,Ghoul Skin Tunic
2025-12-16,Ares,Girdle of the Mentor
2025-12-16,Mlb,Girdle of the Mentor
2025-12-16,Saladbalding,Girdle of the Mentor
2025-12-16,Yxmipal,Hammer of the Twisting Nether
2025-12-16,Lagerthafury,"Iblis, Blade of the Fallen Seraph"
2025-12-16,Toxiclatina,"Iblis, Blade of the Fallen Seraph"
2025-12-16,Deathwishh,Kiss of the Spider
2025-12-16,Microgodx,Kiss of the Spider
2025-12-16,Microgodx,Kiss of the Spider
2025-12-16,Moonee,Kiss of the Spider
2025-12-16,Torreypines,Kiss of the Spider
2025-12-16,Valerik,Kiss of the Spider
2025-12-16,Valerik,Kiss of the Spider
2025-12-16,Abbatha,Leggings of Apocalypse
2025-12-16,Ubërzealot,Leggings of Polarity
2025-12-16,Uwudaddy,Leggings of Polarity
2025-12-16,Andragan,Legplates of Carnage
2025-12-16,Andragan,Legplates of Carnage
2025-12-16,Deathwishh,Legplates of Carnage
2025-12-16,Solidsmtx,Legplates of Carnage
2025-12-16,Zosokid,Might of the Scourge
2025-12-16,Abusementprk,Nerubian Slavemaker
2025-12-16,Dwamasama,Nerubian Slavemaker
2025-12-16,Glad,Nerubian Slavemaker
2025-12-16,Glad,Nerubian Slavemaker
2025-12-16,Toxiclatina,Plated Abomination Ribcage
2025-12-16,Enormous,Sapphiron's Left Eye
2025-12-16,Hasher,Sapphiron's Right Eye
2025-12-16,Dragon,Seal of the Damned
2025-12-16,Dwamasama,Shroud of Dominion
2025-12-16,Macthorson,Shroud of Dominion
2025-12-16,Dilphiv,Slayer's Crest
2025-12-16,Madder,Slayer's Crest
2025-12-16,Madder,Slayer's Crest
2025-12-16,Zosokid,Slayer's Crest
2025-12-16,Dilphiv,Stormrage's Talisman of Seething
2025-12-16,Saladbalding,The Castigator
2025-12-16,Delusion,The Phylactery of Kel'Thuzad
2025-12-16,Briseis,The Restrained Essence of Sapphiron
2025-12-16,Deadcoiles,The Restrained Essence of Sapphiron
2025-12-16,Gaussxd,The Restrained Essence of Sapphiron
2025-12-16,Greybush,The Restrained Essence of Sapphiron
2025-12-16,Greybush,The Restrained Essence of Sapphiron
2025-12-16,Trine,The Restrained Essence of Sapphiron
2025-12-16,Trine,The Restrained Essence of Sapphiron
2025-12-16,Uwudaddy,The Restrained Essence of Sapphiron
2025-12-16,Dragon,The Soul Harvester's Bindings
2025-12-16,Kushcloud,The Soul Harvester's Bindings
2025-12-16,Kushcloud,The Soul Harvester's Bindings
2025-12-16,Hasher,The Widow's Embrace
2025-12-16,Lagerthafury,Wristguards of Vengeance
2025-12-16,Mlb,Wristguards of Vengeance
2026-01-06,Yumii,Band of Unanswered Prayers
2026-01-06,Buhf,Band of Unnatural Forces
2026-01-06,Dilphiv,Band of Unnatural Forces
2026-01-06,Mlb,Band of Unnatural Forces
2026-01-06,Torreypines,Band of Unnatural Forces
2026-01-06,Yumii,Cloak of Suturing
2026-01-06,Buhf,Cloak of the Scourge
2026-01-06,Abbatha,Cryptfiend Silk Cloak
2026-01-06,Caluward,Desecrated Robe
2026-01-06,Bitenuker,Desecrated Shoulderpads
2026-01-06,Donzonæq,Eye of Diminution
2026-01-06,Briseis,Eye of the Dead
2026-01-06,Police,Eye of the Dead
2026-01-06,Zosokid,Ghoul Skin Tunic
2026-01-06,Deathwishh,Girdle of the Mentor
2026-01-06,Mlb,Girdle of the Mentor
2026-01-06,Saladbalding,Girdle of the Mentor
2026-01-06,Saladbalding,Girdle of the Mentor
2026-01-06,Hasher,Hammer of the Twisting Nether
2026-01-06,Holysock,Hammer of the Twisting Nether
2026-01-06,Kennyypowers,Harbinger of Doom
2026-01-06,Anticide,"Iblis, Blade of the Fallen Seraph"
2026-01-06,Goondini,"Iblis, Blade of the Fallen Seraph"
2026-01-06,Zosokid,"Iblis, Blade of the Fallen Seraph"
2026-01-06,Ares,Kingsfall
2026-01-06,Yasuke,Kingsfall
2026-01-06,Abusementpar,Kiss of the Spider
2026-01-06,Anticide,Kiss of the Spider
2026-01-06,Deathwishh,Kiss of the Spider
2026-01-06,Dwama,Kiss of the Spider
2026-01-06,Microgodx,Kiss of the Spider
2026-01-06,Microgodx,Kiss of the Spider
2026-01-06,Moonee,Kiss of the Spider
2026-01-06,Torreypines,Kiss of the Spider
2026-01-06,Abbatha,Leggings of Apocalypse
2026-01-06,Enormous,Leggings of Polarity
2026-01-06,Dwama,Legplates of Carnage
2026-01-06,Moonee,Legplates of Carnage
2026-01-06,Ares,Might of the Scourge
2026-01-06,Delusion,Might of the Scourge
2026-01-06,Macthorson,Might of the Scourge
2026-01-06,Delusion,Misplaced Servo Arm
2026-01-06,Farquaadino,Necklace of Necropsy
2026-01-06,Glad,Nerubian Slavemaker
2026-01-06,Glad,Nerubian Slavemaker
2026-01-06,Kennyypowers,Nerubian Slavemaker
2026-01-06,Mazec,Rime Covered Mantle
2026-01-06,Enormous,Sapphiron's Left Eye
2026-01-06,Ubërzealot,Sapphiron's Left Eye
2026-01-06,Hasher,Sapphiron's Right Eye
2026-01-06,Griezman,Shield of Condemnation
2026-01-06,Holysock,Shield of Condemnation
2026-01-06,Police,Shield of Condemnation
2026-01-06,Macthorson,Shroud of Dominion
2026-01-06,Yasuke,Shroud of Dominion
2026-01-06,Abusementpar,Slayer's Crest
2026-01-06,Dilphiv,Slayer's Crest
2026-01-06,Madder,Slayer's Crest
2026-01-06,Madder,Slayer's Crest
2026-01-06,Rusti,Slayer's Crest
2026-01-06,Rusti,Slayer's Crest
2026-01-06,Slout,Slayer's Crest
2026-01-06,Slout,Stormrage's Talisman of Seething
2026-01-06,Briseis,The Restrained Essence of Sapphiron
2026-01-06,Gaussxd,The Restrained Essence of Sapphiron
2026-01-06,Gaussxd,The Restrained Essence of Sapphiron
2026-01-06,Ubërzealot,The Restrained Essence of Sapphiron
2026-01-06,Kushcloud,The Soul Harvester's Bindings
2026-01-06,Kushcloud,The Soul Harvester's Bindings
2026-01-06,Griezman,The Widow's Embrace
2026-01-06,Caluward,Wand of the Whispering Dead
2026-01-06,Donzonæq,Warmth of Forgiveness
2026-01-06,Farquaadino,Warmth of Forgiveness
2026-01-06,Goondini,Widow's Remorse
2026-01-06,Bitenuker,Wraith Blade
2026-01-06,Mazec,Wraith Blade
2024-11-12,Bigpapichulo,Band of Unanswered Prayers
2024-11-12,Feq,Band of Unnatural Forces
2024-11-12,Glad,Band of Unnatural Forces
2024-11-12,Prunes,Brimstone Staff
2024-11-12,Rootz,Cloak of Suturing
2024-11-12,Donzonæq,Cloak of the Necropolis
2024-11-12,Nineteenxx,Corrupted Ashbringer
2024-11-12,Emann,Desecrated Robe
2024-11-12,Chimpsmage,Doomfinger
2024-11-12,Arizana,Eye of the Dead
2024-11-12,Bigpapichulo,Eye of the Dead
2024-11-12,Bli,Eye of the Dead
2024-11-12,Bli,Eye of the Dead
2024-11-12,Spacepump,Eye of the Dead
2024-11-12,Waumbek,Eye of the Dead
2024-11-12,Waumbek,Eye of the Dead
2024-11-12,Nineteenxx,Fortitude of the Scourge
2024-11-12,Dionefastrgf,Gem of Trapped Innocents
2024-11-12,Trine,Gem of Trapped Innocents
2024-11-12,Frostiwarr,Ghoul Skin Tunic
2024-11-12,Knumb,Girdle of the Mentor
2024-11-12,Michaelre,Girdle of the Mentor
2024-11-12,Microgodx,Girdle of the Mentor
2024-11-12,Arizana,Hammer of the Twisting Nether
2024-11-12,Burkhealz,Hammer of the Twisting Nether
2024-11-12,Reciprocate,Hammer of the Twisting Nether
2024-11-12,Saladblesing,Hammer of the Twisting Nether
2024-11-12,Saladblesing,Hammer of the Twisting Nether
2024-11-12,Spacepump,Hammer of the Twisting Nether
2024-11-12,Keeki,Kingsfall
2024-11-12,Rogue,"Gressil, Dawn of Ruin"
2024-11-12,Alpineey,Kiss of the Spider
2024-11-12,Checkursix,Kiss of the Spider
2024-11-12,Finesse,Kiss of the Spider
2024-11-12,Glad,Kiss of the Spider
2024-11-12,Hamzod,Kiss of the Spider
2024-11-12,Mictlantecuh,Kiss of the Spider
2024-11-12,Rusti,Kiss of the Spider
2024-11-12,Rusti,Kiss of the Spider
2024-11-12,Feq,Leggings of Apocalypse
2024-11-12,Gandal,Leggings of Polarity
2024-11-12,Abusementprk,Legplates of Carnage
2024-11-12,Alpineey,Legplates of Carnage
2024-11-12,Prunes,Might of Menethil
2024-11-12,Michaelre,Might of the Scourge
2024-11-12,Rootz,Necklace of Necropsy
2024-11-12,Rogue,"Gressil, Dawn of Ruin"
2024-11-12,Mictlantecuh,Plated Abomination Ribcage
2024-11-12,Emann,Ring of Faith
2024-11-12,Gandal,Sapphiron's Left Eye
2024-11-12,Skiiska,Seal of the Damned
2024-11-12,Reciprocate,Shield of Condemnation
2024-11-12,Knumb,Shroud of Dominion
2024-11-12,Microgodx,Shroud of Dominion
2024-11-12,Mistaveeb,Shroud of Dominion
2024-11-12,Checkursix,Slayer's Crest
2024-11-12,Finesse,Slayer's Crest
2024-11-12,Gugsx,Slayer's Crest
2024-11-12,Gugsx,Slayer's Crest
2024-11-12,Hamzod,Slayer's Crest
2024-11-12,Keeki,Slayer's Crest
2024-11-12,Mistaveeb,Slayer's Crest
2024-11-12,Toxicalover,Slayer's Crest
2024-11-12,Toxicalover,Slayer's Crest
2024-11-12,Airz,Stormrage's Talisman of Seething
2024-11-12,Pogg,Stormrage's Talisman of Seething
2024-11-12,Frostiwarr,The Castigator
2024-11-12,Airz,The Face of Death
2024-11-12,Briseis,The Restrained Essence of Sapphiron
2024-11-12,Briseis,The Restrained Essence of Sapphiron
2024-11-12,Chimpsmage,The Restrained Essence of Sapphiron
2024-11-12,Donzonæq,The Restrained Essence of Sapphiron
2024-11-12,Trine,The Restrained Essence of Sapphiron
2024-11-12,Dionefastrgf,The Soul Harvester's Bindings
2024-11-12,Skiiska,Wand of Fates
2024-11-12,Burkhealz,Wand of the Whispering Dead
2024-11-12,Abusementprk,Wristguards of Vengeance
2024-11-12,Pogg,Wristguards of Vengeance
2023-09-05,Farquaad,Band of Reanimation
2023-09-05,Cosmicheals,Band of Unanswered Prayers
2023-09-05,Falstaff,Band of Unanswered Prayers
2023-09-05,Gandal,Band of Unanswered Prayers
2023-09-05,Azzereth,Band of the Inevitable
2023-09-05,Endor,Band of the Inevitable
2023-09-05,Rootz,Cryptfiend Silk Cloak
2023-09-05,Waumbek,Death's Bargain
2023-09-05,Aranka,Desecrated Belt
2023-09-05,Gome,Desecrated Belt
2023-09-05,Saacon,Desecrated Belt
2023-09-05,Brisley,Desecrated Bindings
2023-09-05,Farquaad,Desecrated Boots
2023-09-05,Explore,Desecrated Bracers
2023-09-05,Sekhmet,Desecrated Bracers
2023-09-05,Auntjamal,Desecrated Circlet
2023-09-05,Vaxie,Desecrated Gauntlets
2023-09-05,Airz,Desecrated Girdle
2023-09-05,Zepii,Desecrated Girdle
2023-09-05,Brisley,Desecrated Gloves
2023-09-05,Cainbaid,Desecrated Gloves
2023-09-05,Integrity,Desecrated Headpiece
2023-09-05,Diesels,Desecrated Pauldrons
2023-09-05,Marci,Desecrated Pauldrons
2023-09-05,Explore,Desecrated Sabatons
2023-09-05,Mainevent,Desecrated Sandals
2023-09-05,Reinheals,Desecrated Sandals
2023-09-05,Aranka,Desecrated Shoulderpads
2023-09-05,Cainbaid,Desecrated Shoulderpads
2023-09-05,Mainevent,Desecrated Shoulderpads
2023-09-05,Reinheals,Desecrated Shoulderpads
2023-09-05,Integrity,Desecrated Spaulders
2023-09-05,Falariss,Desecrated Waistguard
2023-09-05,Waumbek,Desecrated Wristguards
2023-09-05,Gome,Gem of Nerubis
2023-09-05,Nabdru,Ghoul Skin Tunic
2023-09-05,Dinoblunt,Girdle of the Mentor
2023-09-05,Tont,Girdle of the Mentor
2023-09-05,Mictlantecuh,Hatchet of Sundered Bone
2023-09-05,Zepii,Hatchet of Sundered Bone
2023-09-05,Bethaylorn,"Iblis, Blade of the Fallen Seraph"
2023-09-05,Bli,"Iblis, Blade of the Fallen Seraph"
2023-09-05,Centro,"Iblis, Blade of the Fallen Seraph"
2023-09-05,Diesels,"Iblis, Blade of the Fallen Seraph"
2023-09-05,Dinoblunt,"Iblis, Blade of the Fallen Seraph"
2023-09-05,Branremix,Kiss of the Spider
2023-09-05,Mcballs,Kiss of the Spider
2023-09-05,Nabdru,Kiss of the Spider
2023-09-05,Rootz,Kiss of the Spider
2023-09-05,Stupidicus,Kiss of the Spider
2023-09-05,Vaxie,Kiss of the Spider
2023-09-05,Locope,Legplates of Carnage
2023-09-05,Locope,Legplates of Carnage
2023-09-05,Mictlantecuh,Legplates of Carnage
2023-09-05,Falariss,Maexxna's Fang
2023-09-05,Sekhmet,Maexxna's Fang
2023-09-05,Cleavadge,Misplaced Servo Arm
2023-09-05,Zenz,Misplaced Servo Arm
2023-09-05,Mcballs,Plated Abomination Ribcage
2023-09-05,Stupidicus,Plated Abomination Ribcage
2023-09-05,Gandal,Preceptor's Hat
2023-09-05,Briseis,The End of Dreams
2023-09-05,Hegrid,The End of Dreams
2023-09-05,Airz,The Widow's Embrace
2023-09-05,Briseis,The Widow's Embrace
2023-09-05,Cosmicheals,The Widow's Embrace
2023-09-05,Falstaff,The Widow's Embrace
2023-09-05,Endor,Wand of Fates
2023-09-05,Hegrid,Wand of Fates
2023-09-05,Bethaylorn,Widow's Remorse
2023-09-05,Branremix,Widow's Remorse
2023-09-05,Marci,Widow's Remorse
2023-09-05,Tont,Widow's Remorse
2023-09-05,Zenz,Widow's Remorse
2023-09-05,Auntjamal,Wraith Blade
2023-09-05,Azzereth,Wraith Blade
2023-09-05,Saacon,Wraith Blade
2023-09-05,Bli,Wristguards of Vengeance
2023-09-05,Centro,Wristguards of Vengeance
2023-09-05,Cleavadge,Wristguards of Vengeance
2024-01-30,Bli,Band of Unnatural Forces
2024-01-30,Dirtydeeds,Band of Unnatural Forces
2024-01-30,Pogg,Band of Unnatural Forces
2024-01-30,Kurdinn,Band of the Inevitable
2024-01-30,Waumbek,Belt of the Grand Crusader
2024-01-30,Dirttyr,Bonescythe Ring
2024-01-30,Louieflamezz,Brimstone Staff
2024-01-30,Dreamer,Cloak of Suturing
2024-01-30,Impax,Cloak of the Necropolis
2024-01-30,Holyrolled,Corrupted Ashbringer
2024-01-30,Airz,Desecrated Headpiece
2024-01-30,Bojjo,Desecrated Robe
2024-01-30,Burkinafaso,Desecrated Robe
2024-01-30,Runtzxcookie,Desecrated Robe
2024-01-30,Gome,Doomfinger
2024-01-30,Dreamer,Eye of the Dead
2024-01-30,Integrity,Eye of the Dead
2024-01-30,Kiszma,Eye of the Dead
2024-01-30,Mainevent,Eye of the Dead
2024-01-30,Gome,Gem of Trapped Innocents
2024-01-30,Chims,Girdle of the Mentor
2024-01-30,Chims,Girdle of the Mentor
2024-01-30,Tavesty,Girdle of the Mentor
2024-01-30,Holyrolled,Hammer of the Twisting Nether
2024-01-30,Kiszma,Hammer of the Twisting Nether
2024-01-30,Prunes,Hammer of the Twisting Nether
2024-01-30,Prunes,Hammer of the Twisting Nether
2024-01-30,Alpineey,"Iblis, Blade of the Fallen Seraph"
2024-01-30,Checkursix,"Iblis, Blade of the Fallen Seraph"
2024-01-30,Yagå,"Iblis, Blade of the Fallen Seraph"
2024-01-30,Ogbjj,Kingsfall
2024-01-30,Abusementprk,Kiss of the Spider
2024-01-30,Alpineey,Kiss of the Spider
2024-01-30,Cleavadge,Kiss of the Spider
2024-01-30,Knumb,Kiss of the Spider
2024-01-30,Mcballs,Kiss of the Spider
2024-01-30,Nineteenalt,Kiss of the Spider
2024-01-30,Nineteenalt,Kiss of the Spider
2024-01-30,Runtzxcookie,Leggings of Polarity
2024-01-30,Branremix,Legplates of Carnage
2024-01-30,Tavesty,Legplates of Carnage
2024-01-30,Airz,Might of Menethil
2024-01-30,Bli,Might of Menethil
2024-01-30,Farquaad,Might of the Scourge
2024-01-30,Knumb,Might of the Scourge
2024-01-30,Ruug,Nerubian Slavemaker
2024-01-30,Mainevent,Ring of Faith
2024-01-30,Branremix,Sadist's Collar
2024-01-30,Burkinafaso,Sapphiron's Left Eye
2024-01-30,Skiiska,Sapphiron's Right Eye
2024-01-30,Kurdinn,Seal of the Damned
2024-01-30,Integrity,Shield of Condemnation
2024-01-30,Dirttyr,Shroud of Dominion
2024-01-30,Pogg,Shroud of Dominion
2024-01-30,Ratbag,Shroud of Dominion
2024-01-30,Abusementprk,Slayer's Crest
2024-01-30,Checkursix,Slayer's Crest
2024-01-30,Mcballs,Slayer's Crest
2024-01-30,Mictlantecuh,Slayer's Crest
2024-01-30,Ogbjj,Slayer's Crest
2024-01-30,Mistaveeb,Soulstring
2024-01-30,Ratbag,Soulstring
2024-01-30,Dirtydeeds,Stormrage's Talisman of Seething
2024-01-30,Mictlantecuh,The Castigator
2024-01-30,Waumbek,The End of Dreams
2024-01-30,Cleavadge,The Phylactery of Kel'Thuzad
2024-01-30,Farquaad,The Phylactery of Kel'Thuzad
2024-01-30,Ruug,The Phylactery of Kel'Thuzad
2024-01-30,Gandal,The Restrained Essence of Sapphiron
2024-01-30,Jensin,The Restrained Essence of Sapphiron
2024-01-30,Jensin,The Restrained Essence of Sapphiron
2024-01-30,Gandal,Veil of Eclipse
2024-01-30,Impax,Wand of Fates
2024-01-30,Louieflamezz,Wand of Fates
2024-01-30,Skiiska,Wand of the Whispering Dead
2024-01-30,Yagå,Widow's Remorse
2024-01-30,Bojjo,Wraith Blade
2024-01-30,Mistaveeb,Wristguards of Vengeance
2025-10-07,Healsniper,Band of Unanswered Prayers
2025-10-07,Ares,Band of Unnatural Forces
2025-10-07,Huxli,Band of Unnatural Forces
2025-10-07,Huxli,Band of Unnatural Forces
2025-10-07,Imag,Band of Unnatural Forces
2025-10-07,Rusti,Band of Unnatural Forces
2025-10-07,Slout,Band of Unnatural Forces
2025-10-07,Toxicalover,Cloak of Suturing
2025-10-07,Vallanz,Cloak of the Necropolis
2025-10-07,Mhorana,Desecrated Robe
2025-10-07,Bravesrrobin,Eye of the Dead
2025-10-07,Bravesrrobin,Eye of the Dead
2025-10-07,Glad,Eye of the Dead
2025-10-07,Grapedrink,Eye of the Dead
2025-10-07,Mhorana,Eye of the Dead
2025-10-07,Toxicalover,Eye of the Dead
2025-10-07,Mandraky,Gem of Trapped Innocents
2025-10-07,Ares,Girdle of the Mentor
2025-10-07,Hurb,Girdle of the Mentor
2025-10-07,Macthorson,Girdle of the Mentor
2025-10-07,Torreypines,Girdle of the Mentor
2025-10-07,Grapedrink,Hammer of the Twisting Nether
2025-10-07,Hurb,"Iblis, Blade of the Fallen Seraph"
2025-10-07,Mesmasshuu,"Iblis, Blade of the Fallen Seraph"
2025-10-07,Anticide,Kiss of the Spider
2025-10-07,Anticide,Kiss of the Spider
2025-10-07,Dilphiv,Kiss of the Spider
2025-10-07,Michaelre,Kiss of the Spider
2025-10-07,Saladressing,Kiss of the Spider
2025-10-07,Saladressing,Kiss of the Spider
2025-10-07,Macthorson,Leggings of Apocalypse
2025-10-07,Greybush,Leggings of Polarity
2025-10-07,Andragan,Legplates of Carnage
2025-10-07,Andragan,Legplates of Carnage
2025-10-07,Solidsmtx,Legplates of Carnage
2025-10-07,Torreypines,Legplates of Carnage
2025-10-07,Darkwings,Libram of Light
2025-10-07,Darkwings,Libram of Light
2025-10-07,Healsniper,Libram of Light
2025-10-07,Patriot,Might of Menethil
2025-10-07,Imag,Might of the Scourge
2025-10-07,Zosodotter,Misplaced Servo Arm
2025-10-07,Abusementprk,Nerubian Slavemaker
2025-10-07,Meco,Nerubian Slavemaker
2025-10-07,Meco,Nerubian Slavemaker
2025-10-07,Dwamasama,Plated Abomination Ribcage
2025-10-07,Madder,Plated Abomination Ribcage
2025-10-07,Solidsmtx,Plated Abomination Ribcage
2025-10-07,Kushcloud,Rime Covered Mantle
2025-10-07,Vallanz,Rime Covered Mantle
2025-10-07,Calul,Sapphiron's Left Eye
2025-10-07,Patriot,Shield of Condemnation
2025-10-07,Chims,Shroud of Dominion
2025-10-07,Glad,Shroud of Dominion
2025-10-07,Dilphiv,Slayer's Crest
2025-10-07,Madder,Slayer's Crest
2025-10-07,Rusti,Slayer's Crest
2025-10-07,Slout,Slayer's Crest
2025-10-07,Abusementprk,Stormrage's Talisman of Seething
2025-10-07,Chims,Stormrage's Talisman of Seething
2025-10-07,Dwamasama,Stormrage's Talisman of Seething
2025-10-07,Michaelre,Stormrage's Talisman of Seething
2025-10-07,Mesmasshuu,The Castigator
2025-10-07,Deadcoiles,The Restrained Essence of Sapphiron
2025-10-07,Greybush,The Restrained Essence of Sapphiron
2025-10-07,Trine,The Restrained Essence of Sapphiron
2025-10-07,Trine,The Restrained Essence of Sapphiron
2025-10-07,Calul,The Soul Harvester's Bindings
2025-10-07,Kushcloud,The Soul Harvester's Bindings
2025-10-07,Deadcoiles,Wand of Fates
2025-10-07,Kurdinn,Wand of Fates
2025-10-07,Kurdinn,Wand of Fates
2025-10-07,Mandraky,Wraith Blade
2025-10-07,Zosodotter,Wristguards of Vengeance
2025-04-01,Kurdinn,Band of Unanswered Prayers
2025-04-01,Arizana,Band of Unnatural Forces
2025-04-01,Donfrye,Band of Unnatural Forces
2025-04-01,Ghili,Band of Unnatural Forces
2025-04-01,Jetrho,Band of Unnatural Forces
2025-04-01,Saladbalding,Band of Unnatural Forces
2025-04-01,Chimpsmage,Cloak of the Necropolis
2025-04-01,Illadelph,Desecrated Spaulders
2025-04-01,Illadelph,Desecrated Tunic
2025-04-01,Lalamage,Doomfinger
2025-04-01,Arizana,Eye of the Dead
2025-04-01,Briseis,Eye of the Dead
2025-04-01,Greybush,Eye of the Dead
2025-04-01,Kushcloud,Eye of the Dead
2025-04-01,Rootz,Eye of the Dead
2025-04-01,Feq,Girdle of the Mentor
2025-04-01,Madder,Girdle of the Mentor
2025-04-01,Healingherb,Hammer of the Twisting Nether
2025-04-01,Reciprocate,Hammer of the Twisting Nether
2025-04-01,Aile,Harbinger of Doom
2025-04-01,Valoriwar,Hatchet of Sundered Bone
2025-04-01,Huxx,"Iblis, Blade of the Fallen Seraph"
2025-04-01,Pogg,"Iblis, Blade of the Fallen Seraph"
2025-04-01,Saladbalding,"Iblis, Blade of the Fallen Seraph"
2025-04-01,Torreypines,"Iblis, Blade of the Fallen Seraph"
2025-04-01,Valoriwar,Kingsfall
2025-04-01,Huxx,Kiss of the Spider
2025-04-01,Madder,Kiss of the Spider
2025-04-01,Rusti,Kiss of the Spider
2025-04-01,Rusti,Kiss of the Spider
2025-04-01,Torreypines,Kiss of the Spider
2025-04-01,Jetrho,Leggings of Apocalypse
2025-04-01,Sunderzz,Leggings of Apocalypse
2025-04-01,Chimpsmage,Leggings of Polarity
2025-04-01,Lalamage,Leggings of Polarity
2025-04-01,Abusementprk,Legplates of Carnage
2025-04-01,Alpineey,Legplates of Carnage
2025-04-01,Athek,Legplates of Carnage
2025-04-01,Numbrodos,Libram of Light
2025-04-01,Glad,Might of the Scourge
2025-04-01,Slashi,Might of the Scourge
2025-04-01,Bli,Necklace of Necropsy
2025-04-01,Bli,Necklace of Necropsy
2025-04-01,Aile,Nerubian Slavemaker
2025-04-01,Ghili,Nerubian Slavemaker
2025-04-01,Novely,Nerubian Slavemaker
2025-04-01,Pogg,Nerubian Slavemaker
2025-04-01,Sunderzz,Nerubian Slavemaker
2025-04-01,Glad,Plated Abomination Ribcage
2025-04-01,Greybush,Ring of Faith
2025-04-01,Healingherb,Sapphiron's Right Eye
2025-04-01,Reciprocate,Shield of Condemnation
2025-04-01,Abusementprk,Shroud of Dominion
2025-04-01,Slashi,Shroud of Dominion
2025-04-01,Donfrye,Slayer's Crest
2025-04-01,Leonïdas,Slayer's Crest
2025-04-01,Mistaveeb,Slayer's Crest
2025-04-01,Mistaveeb,Slayer's Crest
2025-04-01,Novely,Slayer's Crest
2025-04-01,Rootz,Slayer's Crest
2025-04-01,Zosokid,Slayer's Crest
2025-04-01,Alpineey,Stormrage's Talisman of Seething
2025-04-01,Feq,Stormrage's Talisman of Seething
2025-04-01,Zosokid,Stormrage's Talisman of Seething
2025-04-01,Athek,The Castigator
2025-04-01,Ljiangjun,The Phylactery of Kel'Thuzad
2025-04-01,Briseis,The Restrained Essence of Sapphiron
2025-04-01,Donzonæq,The Restrained Essence of Sapphiron
2025-04-01,Donzonæq,The Restrained Essence of Sapphiron
2025-04-01,Kurdinn,The Restrained Essence of Sapphiron
2025-04-01,Kushcloud,The Restrained Essence of Sapphiron
2025-04-01,Numbrodos,The Restrained Essence of Sapphiron
2025-04-01,Ljiangjun,Wraith Blade
2025-04-01,Leonïdas,Wristguards of Vengeance
2024-10-01,Kurdinn,Band of Unanswered Prayers
2024-10-01,Reciprocate,Band of Unanswered Prayers
2024-10-01,Feq,Band of Unnatural Forces
2024-10-01,Glad,Band of Unnatural Forces
2024-10-01,Rusti,Band of Unnatural Forces
2024-10-01,Vanishh,Band of Unnatural Forces
2024-10-01,Vanishh,Band of Unnatural Forces
2024-10-01,Ábrams,Band of Unnatural Forces
2024-10-01,Gugsx,Claw of the Frost Wyrm
2024-10-01,Lockchiev,Cloak of the Necropolis
2024-10-01,Trine,Cloak of the Necropolis
2024-10-01,Bigpapichulo,Desecrated Shoulderpads
2024-10-01,Skiiska,Doomfinger
2024-10-01,Airz,Eye of the Dead
2024-10-01,Bli,Eye of the Dead
2024-10-01,Bli,Eye of the Dead
2024-10-01,Dwarfward,Eye of the Dead
2024-10-01,Shaala,Eye of the Dead
2024-10-01,Shaala,Eye of the Dead
2024-10-01,Critzmcgee,Ghoul Skin Tunic
2024-10-01,Michaelre,Girdle of the Mentor
2024-10-01,Microgodx,Girdle of the Mentor
2024-10-01,Bigpapichulo,Hammer of the Twisting Nether
2024-10-01,Dwarfward,Hammer of the Twisting Nether
2024-10-01,Tezcatlipoca,Hammer of the Twisting Nether
2024-10-01,Yasuke,Hatchet of Sundered Bone
2024-10-01,Finesse,"Iblis, Blade of the Fallen Seraph"
2024-10-01,Slashi,"Iblis, Blade of the Fallen Seraph"
2024-10-01,Checkursix,Kingsfall
2024-10-01,Yasuke,Kingsfall
2024-10-01,Alpineey,Kiss of the Spider
2024-10-01,Finesse,Kiss of the Spider
2024-10-01,Glad,Kiss of the Spider
2024-10-01,Pogg,Kiss of the Spider
2024-10-01,Rusti,Kiss of the Spider
2024-10-01,Toxicalover,Kiss of the Spider
2024-10-01,Briseis,Leggings of Polarity
2024-10-01,Dionefastrgf,Leggings of Polarity
2024-10-01,Donzonæq,Leggings of Polarity
2024-10-01,Gandal,Leggings of Polarity
2024-10-01,Gandal,Leggings of Polarity
2024-10-01,Lockchiev,Leggings of Polarity
2024-10-01,Critzmcgee,Legplates of Carnage
2024-10-01,Toxicalover,Legplates of Carnage
2024-10-01,Arizana,Might of Menethil
2024-10-01,Gugsx,Might of the Scourge
2024-10-01,Michaelre,Might of the Scourge
2024-10-01,Reciprocate,Misplaced Servo Arm
2024-10-01,Tezcatlipoca,Necklace of Necropsy
2024-10-01,Mistaveeb,Nerubian Slavemaker
2024-10-01,Feq,Plated Abomination Ribcage
2024-10-01,Waumbek,Power of the Scourge
2024-10-01,Dionefastrgf,Rime Covered Mantle
2024-10-01,Pushw,Sadist's Collar
2024-10-01,Chimpsmage,Sapphiron's Left Eye
2024-10-01,Donzonæq,Sapphiron's Left Eye
2024-10-01,Skiiska,Seal of the Damned
2024-10-01,Microgodx,Shroud of Dominion
2024-10-01,Mistaveeb,Shroud of Dominion
2024-10-01,Pogg,Slayer's Crest
2024-10-01,Rootz,Slayer's Crest
2024-10-01,Rootz,Slayer's Crest
2024-10-01,Saladblesing,Slayer's Crest
2024-10-01,Saladblesing,Slayer's Crest
2024-10-01,Abusementprk,Stormrage's Talisman of Seething
2024-10-01,Alpineey,Stormrage's Talisman of Seething
2024-10-01,Arizana,Stormrage's Talisman of Seething
2024-10-01,Checkursix,Stormrage's Talisman of Seething
2024-10-01,Ábrams,Stormrage's Talisman of Seething
2024-10-01,Airz,The Face of Death
2024-10-01,Chimpsmage,The Phylactery of Kel'Thuzad
2024-10-01,Slashi,The Phylactery of Kel'Thuzad
2024-10-01,Waumbek,The Plague Bearer
2024-10-01,Briseis,The Restrained Essence of Sapphiron
2024-10-01,Burkinn,The Restrained Essence of Sapphiron
2024-10-01,Burkinn,The Restrained Essence of Sapphiron
2024-10-01,Kurdinn,The Restrained Essence of Sapphiron
2024-10-01,Trine,The Restrained Essence of Sapphiron
2024-10-01,Abusementprk,Wristguards of Vengeance
2024-10-01,Pushw,Wristguards of Vengeance
2025-02-11,Deltgodx,Band of Unnatural Forces
2025-02-11,Mlb,Band of Unnatural Forces
2025-02-11,Vanishh,Claw of the Frost Wyrm
2025-02-11,Juka,Cloak of the Necropolis
2025-02-11,Checkursix,Cloak of the Scourge
2025-02-11,Gduel,Corrupted Ashbringer
2025-02-11,Gduel,Corrupted Ashbringer
2025-02-11,Saladblesing,Corrupted Ashbringer
2025-02-11,Arizana,Eye of the Dead
2025-02-11,Briseis,Eye of the Dead
2025-02-11,Rootz,Eye of the Dead
2025-02-11,Snugsafe,Eye of the Dead
2025-02-11,Burkarms,Girdle of the Mentor
2025-02-11,Feq,Girdle of the Mentor
2025-02-11,Knumb,Girdle of the Mentor
2025-02-11,Mlb,Girdle of the Mentor
2025-02-11,Kushcloud,Hammer of the Twisting Nether
2025-02-11,Pogg,"Iblis, Blade of the Fallen Seraph"
2025-02-11,Torreypines,"Iblis, Blade of the Fallen Seraph"
2025-02-11,Huxx,Kingsfall
2025-02-11,Huxx,Kingsfall
2025-02-11,Vanishh,Kingsfall
2025-02-11,Alpineey,Kiss of the Spider
2025-02-11,Alpineey,Kiss of the Spider
2025-02-11,Glad,Kiss of the Spider
2025-02-11,Glad,Kiss of the Spider
2025-02-11,Rusti,Kiss of the Spider
2025-02-11,Balurn,Leggings of Apocalypse
2025-02-11,Jetrho,Leggings of Apocalypse
2025-02-11,Briseis,Leggings of Polarity
2025-02-11,Flushh,Leggings of Polarity
2025-02-11,Abusementprk,Legplates of Carnage
2025-02-11,Deltgodx,Legplates of Carnage
2025-02-11,Dalabris,Libram of Light
2025-02-11,Frostiwarr,Might of Menethil
2025-02-11,Branremix,Might of the Scourge
2025-02-11,Madder,Might of the Scourge
2025-02-11,Quetzalcoatl,Might of the Scourge
2025-02-11,Arizana,Necklace of Necropsy
2025-02-11,Bli,Necklace of Necropsy
2025-02-11,Bli,Necklace of Necropsy
2025-02-11,Kushcloud,Necklace of Necropsy
2025-02-11,Balurn,Nerubian Slavemaker
2025-02-11,Pogg,Nerubian Slavemaker
2025-02-11,Saladblesing,Plated Abomination Ribcage
2025-02-11,Hegred,Power of the Scourge
2025-02-11,Hegred,Resilience of the Scourge
2025-02-11,Dalabris,Ring of Redemption
2025-02-11,Flushh,Sapphiron's Left Eye
2025-02-11,Abusementprk,Shroud of Dominion
2025-02-11,Checkursix,Shroud of Dominion
2025-02-11,Jetrho,Shroud of Dominion
2025-02-11,Airz,Slayer's Crest
2025-02-11,Branremix,Slayer's Crest
2025-02-11,Burkarms,Slayer's Crest
2025-02-11,Mistaveeb,Slayer's Crest
2025-02-11,Mistaveeb,Slayer's Crest
2025-02-11,Rootz,Slayer's Crest
2025-02-11,Rusti,Slayer's Crest
2025-02-11,Frostiwarr,Soulstring
2025-02-11,Feq,Stormrage's Talisman of Seething
2025-02-11,Madder,Stormrage's Talisman of Seething
2025-02-11,Quetzalcoatl,Stormrage's Talisman of Seething
2025-02-11,Knumb,The Castigator
2025-02-11,Airz,The Restrained Essence of Sapphiron
2025-02-11,Donzonæq,The Restrained Essence of Sapphiron
2025-02-11,Donzonæq,The Restrained Essence of Sapphiron
2025-02-11,Skiiska,The Restrained Essence of Sapphiron
2025-02-11,Skiiska,The Soul Harvester's Bindings
2025-02-11,Juka,Wand of Fates
2025-02-11,Snugsafe,Wand of the Whispering Dead
2025-02-11,Torreypines,Wristguards of Vengeance
2024-11-26,Airz,Band of Unanswered Prayers
2024-11-26,Burkhealz,Band of Unanswered Prayers
2024-11-26,Feq,Band of Unnatural Forces
2024-11-26,Glo,Band of Unnatural Forces
2024-11-26,Knumb,Band of Unnatural Forces
2024-11-26,Xtank,Band of Unnatural Forces
2024-11-26,Prunes,Brimstone Staff
2024-11-26,Burkhealz,Cloak of Suturing
2024-11-26,Donzonæq,Cloak of the Necropolis
2024-11-26,Saladblesing,Cryptfiend Silk Cloak
2024-11-26,Snugsafe,Desecrated Leggings
2024-11-26,Emann,Desecrated Robe
2024-11-26,Snugsafe,Desecrated Robe
2024-11-26,Chimpsmage,Doomfinger
2024-11-26,Arizana,Eye of the Dead
2024-11-26,Bli,Eye of the Dead
2024-11-26,Bli,Eye of the Dead
2024-11-26,Waumbek,Eye of the Dead
2024-11-26,Waumbek,Eye of the Dead
2024-11-26,Dionefastrgf,Gem of Trapped Innocents
2024-11-26,Trine,Gem of Trapped Innocents
2024-11-26,Frostiwarr,Girdle of the Mentor
2024-11-26,Knumb,Girdle of the Mentor
2024-11-26,Michaelre,Girdle of the Mentor
2024-11-26,Airz,Glyph of Deflection
2024-11-26,Amberturd,Hammer of the Twisting Nether
2024-11-26,Amberturd,Hammer of the Twisting Nether
2024-11-26,Reciprocate,Hammer of the Twisting Nether
2024-11-26,Reciprocate,Hammer of the Twisting Nether
2024-11-26,Shaala,Hammer of the Twisting Nether
2024-11-26,Spacepump,Hammer of the Twisting Nether
2024-11-26,Spacepump,Hammer of the Twisting Nether
2024-11-26,Bigpoppa,"Iblis, Blade of the Fallen Seraph"
2024-11-26,Rogue,"Gressil, Dawn of Ruin"
2024-11-26,Checkursix,Kiss of the Spider
2024-11-26,Finesse,Kiss of the Spider
2024-11-26,Finesse,Kiss of the Spider
2024-11-26,Glad,Kiss of the Spider
2024-11-26,Glad,Kiss of the Spider
2024-11-26,Hamzod,Kiss of the Spider
2024-11-26,Keeki,Kiss of the Spider
2024-11-26,Rusti,Kiss of the Spider
2024-11-26,Rusti,Kiss of the Spider
2024-11-26,Feq,Leggings of Apocalypse
2024-11-26,Shaala,Leggings of Apocalypse
2024-11-26,Gandal,Leggings of Polarity
2024-11-26,Abusementprk,Legplates of Carnage
2024-11-26,Glo,Legplates of Carnage
2024-11-26,Bigpoppa,Might of Menethil
2024-11-26,Toxicalover,Might of the Scourge
2024-11-26,Arizana,Necklace of Necropsy
2024-11-26,Frostiwarr,Nerubian Slavemaker
2024-11-26,Pogg,Nerubian Slavemaker
2024-11-26,Rogue,"Gressil, Dawn of Ruin"
2024-11-26,Saladblesing,Plated Abomination Ribcage
2024-11-26,Emann,Ring of Faith
2024-11-26,Gandal,Sapphiron's Left Eye
2024-11-26,Prunes,Seal of the Damned
2024-11-26,Michaelre,Shroud of Dominion
2024-11-26,Mistaveeb,Shroud of Dominion
2024-11-26,Checkursix,Slayer's Crest
2024-11-26,Gugsx,Slayer's Crest
2024-11-26,Gugsx,Slayer's Crest
2024-11-26,Hamzod,Slayer's Crest
2024-11-26,Keeki,Slayer's Crest
2024-11-26,Mistaveeb,Slayer's Crest
2024-11-26,Rootz,Slayer's Crest
2024-11-26,Rootz,Slayer's Crest
2024-11-26,Xtank,Slayer's Crest
2024-11-26,Pogg,Stormrage's Talisman of Seething
2024-11-26,Toxicalover,Stormrage's Talisman of Seething
2024-11-26,Briseis,The Restrained Essence of Sapphiron
2024-11-26,Briseis,The Restrained Essence of Sapphiron
2024-11-26,Chimpsmage,The Restrained Essence of Sapphiron
2024-11-26,Donzonæq,The Restrained Essence of Sapphiron
2024-11-26,Trine,The Restrained Essence of Sapphiron
2024-11-26,Dionefastrgf,The Soul Harvester's Bindings
2024-11-26,Abusementprk,Wristguards of Vengeance
2025-04-15,Arizana,Band of Unnatural Forces
2025-04-15,Donfrye,Band of Unnatural Forces
2025-04-15,Jetrho,Band of Unnatural Forces
2025-04-15,Jetrho,Band of Unnatural Forces
2025-04-15,Huxli,Claw of the Frost Wyrm
2025-04-15,Chimpsmage,Doomfinger
2025-04-15,Arizana,Eye of the Dead
2025-04-15,Briseis,Eye of the Dead
2025-04-15,Dwarfjessus,Eye of the Dead
2025-04-15,Illadelph,Eye of the Dead
2025-04-15,Illadelph,Eye of the Dead
2025-04-15,Rootz,Eye of the Dead
2025-04-15,Mazec,Gem of Trapped Innocents
2025-04-15,Feq,Girdle of the Mentor
2025-04-15,Knumb,Girdle of the Mentor
2025-04-15,Madder,Girdle of the Mentor
2025-04-15,Mictlantecuh,Girdle of the Mentor
2025-04-15,Dwarfjessus,Hammer of the Twisting Nether
2025-04-15,Reciprocate,Hammer of the Twisting Nether
2025-04-15,Valoriwar,Hatchet of Sundered Bone
2025-04-15,Ghili,"Iblis, Blade of the Fallen Seraph"
2025-04-15,Saladbalding,"Iblis, Blade of the Fallen Seraph"
2025-04-15,Zosokid,"Iblis, Blade of the Fallen Seraph"
2025-04-15,Slashi,Kingsfall
2025-04-15,Dinoblunts,Kiss of the Spider
2025-04-15,Madder,Kiss of the Spider
2025-04-15,Rusti,Kiss of the Spider
2025-04-15,Rusti,Kiss of the Spider
2025-04-15,Slashi,Kiss of the Spider
2025-04-15,Spach,Kiss of the Spider
2025-04-15,Spach,Kiss of the Spider
2025-04-15,Saladbalding,Leggings of Apocalypse
2025-04-15,Chimpsmage,Leggings of Polarity
2025-04-15,Abusementprk,Legplates of Carnage
2025-04-15,Valoriwar,Legplates of Carnage
2025-04-15,Glad,Might of the Scourge
2025-04-15,Aile,Misplaced Servo Arm
2025-04-15,Bli,Necklace of Necropsy
2025-04-15,Bli,Necklace of Necropsy
2025-04-15,Aile,Nerubian Slavemaker
2025-04-15,Alpineey,Nerubian Slavemaker
2025-04-15,Mistaveeb,Nerubian Slavemaker
2025-04-15,Mistaveeb,Nerubian Slavemaker
2025-04-15,Novely,Nerubian Slavemaker
2025-04-15,Glad,Plated Abomination Ribcage
2025-04-15,Dionefastrgf,Sapphiron's Left Eye
2025-04-15,Dionefastrgf,Sapphiron's Left Eye
2025-04-15,Ljiangjun,Sapphiron's Left Eye
2025-04-15,Ljiangjun,Sapphiron's Left Eye
2025-04-15,Kurdinn,Seal of the Damned
2025-04-15,Holyfist,Shield of Condemnation
2025-04-15,Abusementprk,Shroud of Dominion
2025-04-15,Mictlantecuh,Shroud of Dominion
2025-04-15,Donfrye,Slayer's Crest
2025-04-15,Ghili,Slayer's Crest
2025-04-15,Novely,Slayer's Crest
2025-04-15,Rootz,Slayer's Crest
2025-04-15,Zosokid,Slayer's Crest
2025-04-15,Alpineey,Stormrage's Talisman of Seething
2025-04-15,Dinoblunts,Stormrage's Talisman of Seething
2025-04-15,Feq,Stormrage's Talisman of Seething
2025-04-15,Huxli,The Castigator
2025-04-15,Knumb,The Face of Death
2025-04-15,Briseis,The Restrained Essence of Sapphiron
2025-04-15,Donzonæq,The Restrained Essence of Sapphiron
2025-04-15,Donzonæq,The Restrained Essence of Sapphiron
2025-04-15,Kurdinn,The Restrained Essence of Sapphiron
2025-04-15,Kushcloud,The Restrained Essence of Sapphiron
2025-04-15,Kushcloud,The Restrained Essence of Sapphiron
2025-04-15,Holyfist,The Widow's Embrace
2025-04-15,Reciprocate,Widow's Remorse
2025-04-15,Mazec,Wraith Blade
2024-09-24,Ideals,Band of Unanswered Prayers
2024-09-24,Nanaxxex,Band of Unanswered Prayers
2024-09-24,Feq,Band of Unnatural Forces
2024-09-24,Rusti,Band of Unnatural Forces
2024-09-24,Vanishh,Band of Unnatural Forces
2024-09-24,Ábrams,Band of Unnatural Forces
2024-09-24,Gugsx,Claw of the Frost Wyrm
2024-09-24,Dwarfward,Cloak of Suturing
2024-09-24,Lockchiev,Cloak of the Necropolis
2024-09-24,Trine,Cloak of the Necropolis
2024-09-24,Reciprocate,Cryptfiend Silk Cloak
2024-09-24,Bli,Eye of the Dead
2024-09-24,Bli,Eye of the Dead
2024-09-24,Lilanni,Eye of the Dead
2024-09-24,Mistav,Eye of the Dead
2024-09-24,Shaala,Eye of the Dead
2024-09-24,Shaala,Eye of the Dead
2024-09-24,Chimpsmage,Gem of Trapped Innocents
2024-09-24,Arizana,Girdle of the Mentor
2024-09-24,Michaelre,Girdle of the Mentor
2024-09-24,Microgodx,Girdle of the Mentor
2024-09-24,Impax,Hailstone Band
2024-09-24,Impax,Hailstone Band
2024-09-24,Burkhealz,Hammer of the Twisting Nether
2024-09-24,Lilanni,Hammer of the Twisting Nether
2024-09-24,Mistav,Hammer of the Twisting Nether
2024-09-24,Yasuke,Hatchet of Sundered Bone
2024-09-24,Finesse,"Iblis, Blade of the Fallen Seraph"
2024-09-24,Checkursix,Kingsfall
2024-09-24,Yasuke,Kingsfall
2024-09-24,Alpineey,Kiss of the Spider
2024-09-24,Alpineey,Kiss of the Spider
2024-09-24,Finesse,Kiss of the Spider
2024-09-24,Glad,Kiss of the Spider
2024-09-24,Glad,Kiss of the Spider
2024-09-24,Pogg,Kiss of the Spider
2024-09-24,Rusti,Kiss of the Spider
2024-09-24,Toxicalover,Kiss of the Spider
2024-09-24,Dionefastrgf,Leggings of Polarity
2024-09-24,Donzonæq,Leggings of Polarity
2024-09-24,Gandal,Leggings of Polarity
2024-09-24,Gandal,Leggings of Polarity
2024-09-24,Toxicalover,Legplates of Carnage
2024-09-24,Ideals,Libram of Light
2024-09-24,Arizana,Might of Menethil
2024-09-24,Vanishh,Might of the Scourge
2024-09-24,Reciprocate,Misplaced Servo Arm
2024-09-24,Rootz,Necklace of Necropsy
2024-09-24,Nineteenhc,Nerubian Slavemaker
2024-09-24,Michaelre,Plated Abomination Ribcage
2024-09-24,Nineteenhc,Plated Abomination Ribcage
2024-09-24,Waumbek,Power of the Scourge
2024-09-24,Dionefastrgf,Rime Covered Mantle
2024-09-24,Pushw,Sadist's Collar
2024-09-24,Donzonæq,Sapphiron's Left Eye
2024-09-24,Kurdinn,Seal of the Damned
2024-09-24,Feq,Shroud of Dominion
2024-09-24,Gugsx,Shroud of Dominion
2024-09-24,Jetrho,Slayer's Crest
2024-09-24,Jetrho,Slayer's Crest
2024-09-24,Pogg,Slayer's Crest
2024-09-24,Rootz,Slayer's Crest
2024-09-24,Saladblesing,Slayer's Crest
2024-09-24,Saladblesing,Slayer's Crest
2024-09-24,Abusementprk,Stormrage's Talisman of Seething
2024-09-24,Checkursix,Stormrage's Talisman of Seething
2024-09-24,Microgodx,Stormrage's Talisman of Seething
2024-09-24,Ábrams,Stormrage's Talisman of Seething
2024-09-24,Pushw,The Castigator
2024-09-24,Slashi,The Phylactery of Kel'Thuzad
2024-09-24,Waumbek,The Plague Bearer
2024-09-24,Chimpsmage,The Restrained Essence of Sapphiron
2024-09-24,Kurdinn,The Restrained Essence of Sapphiron
2024-09-24,Lockchiev,The Restrained Essence of Sapphiron
2024-09-24,Trine,The Restrained Essence of Sapphiron
2024-09-24,Burkhealz,Wand of the Whispering Dead
2024-09-24,Dwarfward,Wand of the Whispering Dead
2024-09-24,Nanaxxex,Wand of the Whispering Dead
2024-09-24,Slashi,Widow's Remorse
2024-09-24,Abusementprk,Wristguards of Vengeance
2025-10-21,Healsniper,Band of Unanswered Prayers
2025-10-21,Andragan,Band of Unnatural Forces
2025-10-21,Ares,Band of Unnatural Forces
2025-10-21,Huxli,Band of Unnatural Forces
2025-10-21,Imag,Band of Unnatural Forces
2025-10-21,Slout,Band of Unnatural Forces
2025-10-21,Calul,Cloak of the Necropolis
2025-10-21,Deadcoiles,Cloak of the Necropolis
2025-10-21,Solidsmtx,Corrupted Ashbringer
2025-10-21,Abusementprk,Eye of the Dead
2025-10-21,Grapedrink,Eye of the Dead
2025-10-21,Grapedrink,Eye of the Dead
2025-10-21,Groves,Eye of the Dead
2025-10-21,Mhorana,Eye of the Dead
2025-10-21,Mhorana,Eye of the Dead
2025-10-21,Mazec,Gem of Trapped Innocents
2025-10-21,Ares,Girdle of the Mentor
2025-10-21,Huxli,Girdle of the Mentor
2025-10-21,Macthorson,Girdle of the Mentor
2025-10-21,Madder,Girdle of the Mentor
2025-10-21,Saladbalding,Girdle of the Mentor
2025-10-21,Glad,Hammer of the Twisting Nether
2025-10-21,Groves,Hammer of the Twisting Nether
2025-10-21,Numbrodos,Hammer of the Twisting Nether
2025-10-21,Mesmasshuu,"Iblis, Blade of the Fallen Seraph"
2025-10-21,Trinnity,"Iblis, Blade of the Fallen Seraph"
2025-10-21,Mikere,Kingsfall
2025-10-21,Anticide,Kiss of the Spider
2025-10-21,Anticide,Kiss of the Spider
2025-10-21,Dilphiv,Kiss of the Spider
2025-10-21,Hurb,Kiss of the Spider
2025-10-21,Imag,Kiss of the Spider
2025-10-21,Saladbalding,Kiss of the Spider
2025-10-21,Andragan,Legplates of Carnage
2025-10-21,Healsniper,Libram of Light
2025-10-21,Patriot,Might of Menethil
2025-10-21,Mesmasshuu,Might of the Scourge
2025-10-21,Solidsmtx,Might of the Scourge
2025-10-21,Zosodotter,Misplaced Servo Arm
2025-10-21,Aberria,Necklace of Necropsy
2025-10-21,Meco,Nerubian Slavemaker
2025-10-21,Meco,Nerubian Slavemaker
2025-10-21,Dwamasama,Plated Abomination Ribcage
2025-10-21,Hurb,Plated Abomination Ribcage
2025-10-21,Kushcloud,Rime Covered Mantle
2025-10-21,Mazec,Rime Covered Mantle
2025-10-21,Kurdinn,Sapphiron's Left Eye
2025-10-21,Shnackypacky,Sapphiron's Left Eye
2025-10-21,Patriot,Shield of Condemnation
2025-10-21,Glad,Shroud of Dominion
2025-10-21,Rusti,Shroud of Dominion
2025-10-21,Dilphiv,Slayer's Crest
2025-10-21,Madder,Slayer's Crest
2025-10-21,Mikere,Slayer's Crest
2025-10-21,Rusti,Slayer's Crest
2025-10-21,Slout,Slayer's Crest
2025-10-21,Sorschia,Soulstring
2025-10-21,Abusementprk,Stormrage's Talisman of Seething
2025-10-21,Dwamasama,Stormrage's Talisman of Seething
2025-10-21,Macthorson,The Castigator
2025-10-21,Deadcoiles,The Restrained Essence of Sapphiron
2025-10-21,Goathearder,The Restrained Essence of Sapphiron
2025-10-21,Numbrodos,The Restrained Essence of Sapphiron
2025-10-21,Calul,The Soul Harvester's Bindings
2025-10-21,Kushcloud,The Soul Harvester's Bindings
2025-10-21,Kurdinn,Wand of Fates
2025-10-21,Shnackypacky,Wand of Fates
2025-10-21,Aberria,Wand of the Whispering Dead
2025-10-21,Trinnity,Widow's Remorse
2025-10-21,Goathearder,Wraith Blade
2025-10-21,Sorschia,Wristguards of Vengeance
2025-10-21,Zosodotter,Wristguards of Vengeance
2025-09-16,Ares,Band of Unnatural Forces
2025-09-16,Imag,Band of Unnatural Forces
2025-09-16,Rusti,Band of Unnatural Forces
2025-09-16,Rayys,Cloak of Suturing
2025-09-16,Toxicalover,Cloak of Suturing
2025-09-16,Kushcloud,Cloak of the Necropolis
2025-09-16,Onefiftyone,Cloak of the Necropolis
2025-09-16,Vallanz,Cloak of the Necropolis
2025-09-16,Holyfist,Corrupted Ashbringer
2025-09-16,Onefiftyone,Doomfinger
2025-09-16,Glad,Eye of the Dead
2025-09-16,Grapedrink,Eye of the Dead
2025-09-16,Spach,Eye of the Dead
2025-09-16,Huxli,Girdle of the Mentor
2025-09-16,Huxli,Girdle of the Mentor
2025-09-16,Macthorson,Girdle of the Mentor
2025-09-16,Grapedrink,Hammer of the Twisting Nether
2025-09-16,Holyfist,Hammer of the Twisting Nether
2025-09-16,Rayys,Hammer of the Twisting Nether
2025-09-16,Toxicalover,Hammer of the Twisting Nether
2025-09-16,Ethos,"Iblis, Blade of the Fallen Seraph"
2025-09-16,Mesmasshuu,"Iblis, Blade of the Fallen Seraph"
2025-09-16,Nomerdva,"Iblis, Blade of the Fallen Seraph"
2025-09-16,Vazec,Kingsfall
2025-09-16,Dilphiv,Kiss of the Spider
2025-09-16,Dwamasama,Kiss of the Spider
2025-09-16,Microgodx,Kiss of the Spider
2025-09-16,Microgodx,Kiss of the Spider
2025-09-16,Spach,Kiss of the Spider
2025-09-16,Deadcoiles,Leggings of Polarity
2025-09-16,Michaelre,Legplates of Carnage
2025-09-16,Darkwings,Libram of Light
2025-09-16,Darkwings,Libram of Light
2025-09-16,Hurb,Might of the Scourge
2025-09-16,Vazec,Might of the Scourge
2025-09-16,Ethos,Misplaced Servo Arm
2025-09-16,Abusementprk,Nerubian Slavemaker
2025-09-16,Madder,Nerubian Slavemaker
2025-09-16,Meco,Nerubian Slavemaker
2025-09-16,Meco,Nerubian Slavemaker
2025-09-16,Ares,Plated Abomination Ribcage
2025-09-16,Dwamasama,Plated Abomination Ribcage
2025-09-16,Macthorson,Plated Abomination Ribcage
2025-09-16,Solidsmtx,Plated Abomination Ribcage
2025-09-16,Vallanz,Rime Covered Mantle
2025-09-16,Calul,Sapphiron's Left Eye
2025-09-16,Kurdinn,Seal of the Damned
2025-09-16,Patriot,Shield of Condemnation
2025-09-16,Patriot,Shield of Condemnation
2025-09-16,Glad,Shroud of Dominion
2025-09-16,Dilphiv,Slayer's Crest
2025-09-16,Madder,Slayer's Crest
2025-09-16,Michaelre,Slayer's Crest
2025-09-16,Rusti,Slayer's Crest
2025-09-16,Greybush,Soulseeker
2025-09-16,Abusementprk,Stormrage's Talisman of Seething
2025-09-16,Solidsmtx,Stormrage's Talisman of Seething
2025-09-16,Spectral,Stormrage's Talisman of Seething
2025-09-16,Imag,The Castigator
2025-09-16,Mesmasshuu,The Castigator
2025-09-16,Nomerdva,The Castigator
2025-09-16,Hurb,The Phylactery of Kel'Thuzad
2025-09-16,Greybush,The Restrained Essence of Sapphiron
2025-09-16,Mandraky,The Restrained Essence of Sapphiron
2025-09-16,Mandraky,The Restrained Essence of Sapphiron
2025-09-16,Trine,The Restrained Essence of Sapphiron
2025-09-16,Trine,The Restrained Essence of Sapphiron
2025-09-16,Kushcloud,The Soul Harvester's Bindings
2025-09-16,Deadcoiles,Wand of Fates
2025-09-16,Kurdinn,Wand of Fates
2025-09-16,Calul,Wraith Blade
2025-09-16,Spectral,Wristguards of Vengeance
2024-08-20,Kurdinn,Band of Unanswered Prayers
2024-08-20,Checkursix,Band of Unnatural Forces
2024-08-20,Frostiwarr,Band of Unnatural Forces
2024-08-20,Vanishh,Band of Unnatural Forces
2024-08-20,Ábrams,Band of Unnatural Forces
2024-08-20,Skiiska,Band of the Inevitable
2024-08-20,Gugsx,Claw of the Frost Wyrm
2024-08-20,Maidenn,Cloak of Suturing
2024-08-20,Chimpsmage,Cloak of the Necropolis
2024-08-20,Scambena,Cloak of the Necropolis
2024-08-20,Waumbek,Cloak of the Necropolis
2024-08-20,Tuu,Cryptfiend Silk Cloak
2024-08-20,Gandal,Doomfinger
2024-08-20,Burkhealz,Eye of the Dead
2024-08-20,Lilanni,Eye of the Dead
2024-08-20,Maidenn,Eye of the Dead
2024-08-20,Mistav,Eye of the Dead
2024-08-20,Shaala,Eye of the Dead
2024-08-20,Shaala,Eye of the Dead
2024-08-20,Scambena,Gem of Trapped Innocents
2024-08-20,Frostiwarr,Girdle of the Mentor
2024-08-20,Microgodx,Girdle of the Mentor
2024-08-20,Anaomil,Hammer of the Twisting Nether
2024-08-20,Burkhealz,Hammer of the Twisting Nether
2024-08-20,Lilanni,Hammer of the Twisting Nether
2024-08-20,Mistav,Hammer of the Twisting Nether
2024-08-20,Saladblesing,Hammer of the Twisting Nether
2024-08-20,Saladblesing,Hammer of the Twisting Nether
2024-08-20,Yasuke,Hatchet of Sundered Bone
2024-08-20,Finesse,"Iblis, Blade of the Fallen Seraph"
2024-08-20,Gugsx,Kingsfall
2024-08-20,Yasuke,Kingsfall
2024-08-20,Alpineey,Kiss of the Spider
2024-08-20,Alpineey,Kiss of the Spider
2024-08-20,Checkursix,Kiss of the Spider
2024-08-20,Feq,Kiss of the Spider
2024-08-20,Feq,Kiss of the Spider
2024-08-20,Knumb,Kiss of the Spider
2024-08-20,Mictlantecuh,Kiss of the Spider
2024-08-20,Pogg,Kiss of the Spider
2024-08-20,Toxicalover,Kiss of the Spider
2024-08-20,Chimpsmage,Leggings of Polarity
2024-08-20,Donzonæq,Leggings of Polarity
2024-08-20,Critzmcgee,Legplates of Carnage
2024-08-20,Knumb,Legplates of Carnage
2024-08-20,Impax,Loatheb's Reflection
2024-08-20,Nineteenalt,Might of Menethil
2024-08-20,Finesse,Nerubian Slavemaker
2024-08-20,Donzonæq,Power of the Scourge
2024-08-20,Bojjo,Preceptor's Hat
2024-08-20,Rootz,Sadist's Collar
2024-08-20,Bojjo,Sapphiron's Left Eye
2024-08-20,Gome,Seal of the Damned
2024-08-20,Skiiska,Seal of the Damned
2024-08-20,Anaomil,Shield of Condemnation
2024-08-20,Abusementprk,Shroud of Dominion
2024-08-20,Toxicalover,Shroud of Dominion
2024-08-20,Branremix,Slayer's Crest
2024-08-20,Jetrho,Slayer's Crest
2024-08-20,Jetrho,Slayer's Crest
2024-08-20,Pogg,Slayer's Crest
2024-08-20,Rootz,Slayer's Crest
2024-08-20,Vanishh,Slayer's Crest
2024-08-20,Tuu,Soulstring
2024-08-20,Microgodx,Stormrage's Talisman of Seething
2024-08-20,Mictlantecuh,Stormrage's Talisman of Seething
2024-08-20,Ábrams,Stormrage's Talisman of Seething
2024-08-20,Bethaylorn,The Castigator
2024-08-20,Critzmcgee,The Castigator
2024-08-20,Nineteenalt,The Face of Death
2024-08-20,Branremix,The Phylactery of Kel'Thuzad
2024-08-20,Kurdinn,The Restrained Essence of Sapphiron
2024-08-20,Supgap,The Restrained Essence of Sapphiron
2024-08-20,Supgap,The Restrained Essence of Sapphiron
2024-08-20,Gome,Touch of Frost
2024-08-20,Impax,Veil of Eclipse
2024-08-20,Waumbek,Veil of Eclipse
2024-08-20,Gandal,Wand of Fates
2024-08-20,Abusementprk,Wristguards of Vengeance
2024-08-20,Bethaylorn,Wristguards of Vengeance
2024-12-03,Burkhealz,Band of Unanswered Prayers
2024-12-03,Feq,Band of Unnatural Forces
2024-12-03,Glad,Band of Unnatural Forces
2024-12-03,Knumb,Band of Unnatural Forces
2024-12-03,Prunes,Brimstone Staff
2024-12-03,Willypeckers,Claw of the Frost Wyrm
2024-12-03,Arizana,Cloak of Suturing
2024-12-03,Burkhealz,Cloak of Suturing
2024-12-03,Donzonæq,Cloak of the Necropolis
2024-12-03,Snugsafe,Desecrated Leggings
2024-12-03,Emann,Desecrated Robe
2024-12-03,Giveshards,Desecrated Robe
2024-12-03,Snugsafe,Desecrated Robe
2024-12-03,Thadiusz,Desecrated Robe
2024-12-03,Giveshards,Desecrated Sandals
2024-12-03,Dionefastrgf,Doomfinger
2024-12-03,Airz,Eye of the Dead
2024-12-03,Arizana,Eye of the Dead
2024-12-03,Bli,Eye of the Dead
2024-12-03,Bli,Eye of the Dead
2024-12-03,Rootz,Eye of the Dead
2024-12-03,Waumbek,Eye of the Dead
2024-12-03,Waumbek,Eye of the Dead
2024-12-03,Chimpsmage,Gem of Trapped Innocents
2024-12-03,Frostiwarr,Girdle of the Mentor
2024-12-03,Knumb,Girdle of the Mentor
2024-12-03,Michaelre,Girdle of the Mentor
2024-12-03,Miltonmane,Hammer of the Twisting Nether
2024-12-03,Shaala,Hammer of the Twisting Nether
2024-12-03,Spacepump,Hammer of the Twisting Nether
2024-12-03,Spacepump,Hammer of the Twisting Nether
2024-12-03,Tezcatlipoca,Hammer of the Twisting Nether
2024-12-03,Poggxn,"Iblis, Blade of the Fallen Seraph"
2024-12-03,Yami,"Iblis, Blade of the Fallen Seraph"
2024-12-03,Checkursix,Kingsfall
2024-12-03,Rogue,"Gressil, Dawn of Ruin"
2024-12-03,Willypeckers,Kingsfall
2024-12-03,Alpineey,Kiss of the Spider
2024-12-03,Finesse,Kiss of the Spider
2024-12-03,Finesse,Kiss of the Spider
2024-12-03,Frostiwarr,Kiss of the Spider
2024-12-03,Glad,Kiss of the Spider
2024-12-03,Hamzod,Kiss of the Spider
2024-12-03,Rusti,Kiss of the Spider
2024-12-03,Rusti,Kiss of the Spider
2024-12-03,Feq,Leggings of Apocalypse
2024-12-03,Shaala,Leggings of Apocalypse
2024-12-03,Abusementprk,Legplates of Carnage
2024-12-03,Miltonmane,Libram of Light
2024-12-03,Airz,Might of the Scourge
2024-12-03,Tezcatlipoca,Necklace of Necropsy
2024-12-03,Rogue,"Gressil, Dawn of Ruin"
2024-12-03,Vexhunt,Nerubian Slavemaker
2024-12-03,Vexhunt,Nerubian Slavemaker
2024-12-03,Yami,Plated Abomination Ribcage
2024-12-03,Yâng,Plated Abomination Ribcage
2024-12-03,Emann,Ring of Faith
2024-12-03,Trine,Sapphiron's Left Eye
2024-12-03,Prunes,Seal of the Damned
2024-12-03,Mistaveeb,Shroud of Dominion
2024-12-03,Hamzod,Slayer's Crest
2024-12-03,Jetrho,Slayer's Crest
2024-12-03,Jetrho,Slayer's Crest
2024-12-03,Mistaveeb,Slayer's Crest
2024-12-03,Rootz,Slayer's Crest
2024-12-03,Saladblesing,Slayer's Crest
2024-12-03,Saladblesing,Slayer's Crest
2024-12-03,Thadiusz,Soulseeker
2024-12-03,Alpineey,Stormrage's Talisman of Seething
2024-12-03,Checkursix,Stormrage's Talisman of Seething
2024-12-03,Michaelre,The Castigator
2024-12-03,Yâng,The Castigator
2024-12-03,Poggxn,The Phylactery of Kel'Thuzad
2024-12-03,Chimpsmage,The Restrained Essence of Sapphiron
2024-12-03,Donzonæq,The Restrained Essence of Sapphiron
2024-12-03,Trine,The Restrained Essence of Sapphiron
2024-12-03,Dionefastrgf,The Soul Harvester's Bindings
2024-12-03,Abusementprk,Wristguards of Vengeance
2024-06-04,Lilanni,Band of Unanswered Prayers
2024-06-04,Branremix,Band of Unnatural Forces
2024-06-04,Finesse,Band of Unnatural Forces
2024-06-04,Vanishh,Band of Unnatural Forces
2024-06-04,Prunes,Band of the Inevitable
2024-06-04,Prunes,Cloak of the Necropolis
2024-06-04,Spacepimp,Corrupted Ashbringer
2024-06-04,Waumbek,Cryptfiend Silk Cloak
2024-06-04,Pandaheals,Desecrated Circlet
2024-06-04,Gandal,Eye of the Dead
2024-06-04,Spacepimp,Eye of the Dead
2024-06-04,Audem,Gem of Trapped Innocents
2024-06-04,Bojjo,Gem of Trapped Innocents
2024-06-04,Dmackk,Girdle of the Mentor
2024-06-04,Pogg,Girdle of the Mentor
2024-06-04,Qttrans,Girdle of the Mentor
2024-06-04,Bli,Hammer of the Twisting Nether
2024-06-04,Bli,Hammer of the Twisting Nether
2024-06-04,Lilanni,Hammer of the Twisting Nether
2024-06-04,Ogbigz,Hammer of the Twisting Nether
2024-06-04,Orcbane,Hatchet of Sundered Bone
2024-06-04,Aleice,"Iblis, Blade of the Fallen Seraph"
2024-06-04,Checkursix,"Iblis, Blade of the Fallen Seraph"
2024-06-04,Finesse,"Iblis, Blade of the Fallen Seraph"
2024-06-04,Toxicalover,"Iblis, Blade of the Fallen Seraph"
2024-06-04,Chiseller,Kingsfall
2024-06-04,Jetrho,Kingsfall
2024-06-04,Abusementprk,Kiss of the Spider
2024-06-04,Abusementprk,Kiss of the Spider
2024-06-04,Alpineey,Kiss of the Spider
2024-06-04,Alpineey,Kiss of the Spider
2024-06-04,Checkursix,Kiss of the Spider
2024-06-04,Chims,Kiss of the Spider
2024-06-04,Chims,Kiss of the Spider
2024-06-04,Mictlantecuh,Kiss of the Spider
2024-06-04,Mìlfurion,Kiss of the Spider
2024-06-04,Qttrans,Kiss of the Spider
2024-06-04,Rickytanx,Kiss of the Spider
2024-06-04,Mìlfurion,Leggings of Apocalypse
2024-06-04,Skiiska,Leggings of Polarity
2024-06-04,Ábrams,Legplates of Carnage
2024-06-04,Chiseller,Maexxna's Fang
2024-06-04,Arizana,Might of Menethil
2024-06-04,Branremix,Might of Menethil
2024-06-04,Waumbek,Might of Menethil
2024-06-04,Rickytanx,Might of the Scourge
2024-06-04,Nineteenalt,Nerubian Slavemaker
2024-06-04,Glad,Plated Abomination Ribcage
2024-06-04,Impax,Preceptor's Hat
2024-06-04,Debtcollectr,Rime Covered Mantle
2024-06-04,Skiiska,Rime Covered Mantle
2024-06-04,Pandaheals,Ring of Faith
2024-06-04,Bojjo,Sapphiron's Left Eye
2024-06-04,Impax,Sapphiron's Left Eye
2024-06-04,Dmackk,Shroud of Dominion
2024-06-04,Ábrams,Shroud of Dominion
2024-06-04,Jetrho,Slayer's Crest
2024-06-04,Mictlantecuh,Slayer's Crest
2024-06-04,Pogg,Slayer's Crest
2024-06-04,Ruug,Slayer's Crest
2024-06-04,Ruug,Slayer's Crest
2024-06-04,Vanishh,Slayer's Crest
2024-06-04,Debtcollectr,Soulseeker
2024-06-04,Nineteenalt,Stormrage's Talisman of Seething
2024-06-04,Aleice,The Castigator
2024-06-04,Glad,The Castigator
2024-06-04,Toxicalover,The Castigator
2024-06-04,Burkinn,The Phylactery of Kel'Thuzad
2024-06-04,Orcbane,The Phylactery of Kel'Thuzad
2024-06-04,Burkinn,The Restrained Essence of Sapphiron
2024-06-04,Supgap,The Restrained Essence of Sapphiron
2024-06-04,Supgap,The Restrained Essence of Sapphiron
2024-06-04,Ogbigz,The Widow's Embrace
2024-06-04,Gandal,Veil of Eclipse
2024-06-04,Gome,Wand of Fates
2024-06-04,Gome,Wand of Fates
2024-06-04,Audem,Wraith Blade
2024-06-04,Arizana,Wristguards of Vengeance
2025-03-11,Gduel,Band of Unanswered Prayers
2025-03-11,Illadelph,Band of Unanswered Prayers
2025-03-11,Arizana,Band of Unnatural Forces
2025-03-11,Burkarms,Band of Unnatural Forces
2025-03-11,Ghili,Band of Unnatural Forces
2025-03-11,Glad,Band of Unnatural Forces
2025-03-11,Rusti,Band of Unnatural Forces
2025-03-11,Huxx,Bonescythe Ring
2025-03-11,Branremix,Corrupted Ashbringer
2025-03-11,Holyfist,Death's Bargain
2025-03-11,Novely,Desecrated Spaulders
2025-03-11,Arizana,Eye of the Dead
2025-03-11,Briseis,Eye of the Dead
2025-03-11,Greybush,Eye of the Dead
2025-03-11,Rootz,Eye of the Dead
2025-03-11,Donfrye,Girdle of the Mentor
2025-03-11,Feq,Girdle of the Mentor
2025-03-11,Knumb,Girdle of the Mentor
2025-03-11,Madder,Girdle of the Mentor
2025-03-11,Mlb,Girdle of the Mentor
2025-03-11,Greybush,Hammer of the Twisting Nether
2025-03-11,Huxx,"Iblis, Blade of the Fallen Seraph"
2025-03-11,Mlb,"Iblis, Blade of the Fallen Seraph"
2025-03-11,Aile,Kingsfall
2025-03-11,Aile,Kingsfall
2025-03-11,Burnswhenip,Kingsfall
2025-03-11,Vanishh,Kingsfall
2025-03-11,Jetrho,Leggings of Apocalypse
2025-03-11,Bandondunes,Leggings of Polarity
2025-03-11,Flushh,Leggings of Polarity
2025-03-11,Gandal,Leggings of Polarity
2025-03-11,Gandal,Leggings of Polarity
2025-03-11,Uwudaddy,Leggings of Polarity
2025-03-11,Abusementprk,Legplates of Carnage
2025-03-11,Glad,Legplates of Carnage
2025-03-11,Gduel,Libram of Light
2025-03-11,Numbrodos,Libram of Light
2025-03-11,Athek,Might of the Scourge
2025-03-11,Madder,Might of the Scourge
2025-03-11,Bli,Necklace of Necropsy
2025-03-11,Bli,Necklace of Necropsy
2025-03-11,Abusementprk,Nerubian Slavemaker
2025-03-11,Novely,Nerubian Slavemaker
2025-03-11,Avecz,Plated Abomination Ribcage
2025-03-11,Vanishh,Sadist's Collar
2025-03-11,Bandondunes,Sapphiron's Left Eye
2025-03-11,Illadelph,Sapphiron's Right Eye
2025-03-11,Kurdinn,Seal of the Damned
2025-03-11,Ghili,Shroud of Dominion
2025-03-11,Jetrho,Shroud of Dominion
2025-03-11,Branremix,Slayer's Crest
2025-03-11,Burkarms,Slayer's Crest
2025-03-11,Burnswhenip,Slayer's Crest
2025-03-11,Donfrye,Slayer's Crest
2025-03-11,Mistaveeb,Slayer's Crest
2025-03-11,Mistaveeb,Slayer's Crest
2025-03-11,Rootz,Slayer's Crest
2025-03-11,Rusti,Slayer's Crest
2025-03-11,Dinothemage,Soulseeker
2025-03-11,Alpineey,Stormrage's Talisman of Seething
2025-03-11,Feq,Stormrage's Talisman of Seething
2025-03-11,Athek,The Castigator
2025-03-11,Avecz,The Castigator
2025-03-11,Knumb,The Face of Death
2025-03-11,Briseis,The Restrained Essence of Sapphiron
2025-03-11,Donzonæq,The Restrained Essence of Sapphiron
2025-03-11,Donzonæq,The Restrained Essence of Sapphiron
2025-03-11,Flushh,The Restrained Essence of Sapphiron
2025-03-11,Numbrodos,The Restrained Essence of Sapphiron
2025-03-11,Uwudaddy,The Restrained Essence of Sapphiron
2025-03-11,Dinothemage,The Soul Harvester's Bindings
2025-03-11,Holyfist,The Widow's Embrace
2025-03-11,Kurdinn,Wand of Fates
2024-12-10,Airz,Band of Unanswered Prayers
2024-12-10,Feq,Band of Unnatural Forces
2024-12-10,Knumb,Band of Unnatural Forces
2024-12-10,Mlb,Band of Unnatural Forces
2024-12-10,Arizana,Cloak of Suturing
2024-12-10,Nanahuatzin,Cloak of Suturing
2024-12-10,Donzonæq,Cloak of the Necropolis
2024-12-10,Bigpappa,Corrupted Ashbringer
2024-12-10,Snugsafe,Desecrated Leggings
2024-12-10,Snugsafe,Desecrated Robe
2024-12-10,Thadiusz,Desecrated Robe
2024-12-10,Arizana,Eye of the Dead
2024-12-10,Bli,Eye of the Dead
2024-12-10,Bli,Eye of the Dead
2024-12-10,Mistav,Eye of the Dead
2024-12-10,Mistav,Eye of the Dead
2024-12-10,Rootz,Eye of the Dead
2024-12-10,Waumbek,Eye of the Dead
2024-12-10,Waumbek,Eye of the Dead
2024-12-10,Chimpsmage,Gem of Trapped Innocents
2024-12-10,Burkarms,Girdle of the Mentor
2024-12-10,Knumb,Girdle of the Mentor
2024-12-10,Michaelre,Girdle of the Mentor
2024-12-10,Yâng,Girdle of the Mentor
2024-12-10,Holykyuubi,Hammer of the Twisting Nether
2024-12-10,Nanahuatzin,Hammer of the Twisting Nether
2024-12-10,Shaala,Hammer of the Twisting Nether
2024-12-10,Spacepump,Hammer of the Twisting Nether
2024-12-10,Spacepump,Hammer of the Twisting Nether
2024-12-10,Thadiusz,Hammer of the Twisting Nether
2024-12-10,Ashi,"Iblis, Blade of the Fallen Seraph"
2024-12-10,Mlb,"Iblis, Blade of the Fallen Seraph"
2024-12-10,Checkursix,Kingsfall
2024-12-10,Rogue,"Gressil, Dawn of Ruin"
2024-12-10,Finesse,Kiss of the Spider
2024-12-10,Finesse,Kiss of the Spider
2024-12-10,Glad,Kiss of the Spider
2024-12-10,Glad,Kiss of the Spider
2024-12-10,Rusti,Kiss of the Spider
2024-12-10,Yami,Kiss of the Spider
2024-12-10,Feq,Leggings of Apocalypse
2024-12-10,Shaala,Leggings of Apocalypse
2024-12-10,Skiiska,Leggings of Polarity
2024-12-10,Abusementprk,Legplates of Carnage
2024-12-10,Frostiwarr,Legplates of Carnage
2024-12-10,Airz,Might of the Scourge
2024-12-10,Abusementprk,Nerubian Slavemaker
2024-12-10,Rogue,"Gressil, Dawn of Ruin"
2024-12-10,Poggxn,Plated Abomination Ribcage
2024-12-10,Yami,Plated Abomination Ribcage
2024-12-10,Dionefastrgf,Sapphiron's Left Eye
2024-12-10,Trine,Sapphiron's Left Eye
2024-12-10,Prunes,Seal of the Damned
2024-12-10,Prunes,Seal of the Damned
2024-12-10,Microgodx,Shroud of Dominion
2024-12-10,Jetrho,Slayer's Crest
2024-12-10,Jetrho,Slayer's Crest
2024-12-10,Rootz,Slayer's Crest
2024-12-10,Rusti,Slayer's Crest
2024-12-10,Saladblesing,Slayer's Crest
2024-12-10,Saladblesing,Slayer's Crest
2024-12-10,Vexhunt,Slayer's Crest
2024-12-10,Checkursix,Stormrage's Talisman of Seething
2024-12-10,Michaelre,Stormrage's Talisman of Seething
2024-12-10,Microgodx,Stormrage's Talisman of Seething
2024-12-10,Ashi,The Castigator
2024-12-10,Burkarms,The Castigator
2024-12-10,Yâng,The Castigator
2024-12-10,Bigpappa,The Eye of Nerub
2024-12-10,Vexhunt,The Eye of Nerub
2024-12-10,Chimpsmage,The Restrained Essence of Sapphiron
2024-12-10,Donzonæq,The Restrained Essence of Sapphiron
2024-12-10,Trine,The Restrained Essence of Sapphiron
2024-12-10,Dionefastrgf,The Soul Harvester's Bindings
2024-12-10,Skiiska,The Soul Harvester's Bindings
2024-12-10,Holykyuubi,Wand of the Whispering Dead
2024-12-10,Frostiwarr,Wristguards of Vengeance
2024-12-10,Poggxn,Wristguards of Vengeance
2023-10-17,Cosmicheals,Band of Unanswered Prayers
2023-10-17,Bli,Band of Unnatural Forces
2023-10-17,Locope,Band of Unnatural Forces
2023-10-17,Kurdinn,Band of the Inevitable
2023-10-17,Uwudaddy,Band of the Inevitable
2023-10-17,Thurgood,Cloak of Suturing
2023-10-17,Waumbek,Cloak of Suturing
2023-10-17,Brisley,Desecrated Belt
2023-10-17,Baldbro,Desecrated Boots
2023-10-17,Zepii,Desecrated Boots
2023-10-17,Audem,Desecrated Circlet
2023-10-17,Azzereth,Desecrated Circlet
2023-10-17,Azzereth,Desecrated Circlet
2023-10-17,Cainbaid,Desecrated Circlet
2023-10-17,Eronimo,Desecrated Circlet
2023-10-17,Saacon,Desecrated Circlet
2023-10-17,Accrohaizaa,Desecrated Headpiece
2023-10-17,Baldbro,Desecrated Headpiece
2023-10-17,Cosmicheals,Desecrated Headpiece
2023-10-17,Zepii,Desecrated Headpiece
2023-10-17,Rickytan,Desecrated Helmet
2023-10-17,Gome,Desecrated Leggings
2023-10-17,Mainevent,Desecrated Leggings
2023-10-17,Accrohaizaa,Desecrated Legguards
2023-10-17,Falariss,Desecrated Pauldrons
2023-10-17,Brisley,Desecrated Sandals
2023-10-17,Thurgood,Desecrated Sandals
2023-10-17,Cainbaid,Desecrated Shoulderpads
2023-10-17,Gome,Desecrated Shoulderpads
2023-10-17,Ava,Girdle of the Mentor
2023-10-17,Dinoblunt,Girdle of the Mentor
2023-10-17,Mictlantecuh,Girdle of the Mentor
2023-10-17,Paendrag,Harbinger of Doom
2023-10-17,Locope,Hatchet of Sundered Bone
2023-10-17,Mistaveeb,"Iblis, Blade of the Fallen Seraph"
2023-10-17,Zenz,"Iblis, Blade of the Fallen Seraph"
2023-10-17,Ava,Kiss of the Spider
2023-10-17,Cleavadge,Kiss of the Spider
2023-10-17,Mcballs,Kiss of the Spider
2023-10-17,Rootz,Kiss of the Spider
2023-10-17,Joobiejablon,Leggings of Polarity
2023-10-17,Saacon,Leggings of Polarity
2023-10-17,Cleavadge,Legplates of Carnage
2023-10-17,Mistaveeb,Legplates of Carnage
2023-10-17,Falariss,Maexxna's Fang
2023-10-17,Briseis,Malice Stone Pendant
2023-10-17,Branremix,Misplaced Servo Arm
2023-10-17,Checkursix,Misplaced Servo Arm
2023-10-17,Checkursix,Misplaced Servo Arm
2023-10-17,Rickytan,Misplaced Servo Arm
2023-10-17,Gandal,Noth's Frigid Heart
2023-10-17,Bethaylorn,Plated Abomination Ribcage
2023-10-17,Pogg,Plated Abomination Ribcage
2023-10-17,Gandal,Preceptor's Hat
2023-10-17,Paendrag,Sadist's Collar
2023-10-17,Branremix,The Castigator
2023-10-17,Dinoblunt,The Castigator
2023-10-17,Mcballs,The Castigator
2023-10-17,Pogg,The Castigator
2023-10-17,Rootz,The End of Dreams
2023-10-17,Integrity,The Widow's Embrace
2023-10-17,Waumbek,The Widow's Embrace
2023-10-17,Briseis,Wand of Fates
2023-10-17,Eronimo,Wand of Fates
2023-10-17,Hegrid,Wand of Fates
2023-10-17,Hegrid,Wand of Fates
2023-10-17,Uwudaddy,Wand of Fates
2023-10-17,Kurdinn,Wand of the Whispering Dead
2023-10-17,Mainevent,Wand of the Whispering Dead
2023-10-17,Mictlantecuh,Widow's Remorse
2023-10-17,Zenz,Widow's Remorse
2023-10-17,Audem,Wraith Blade
2023-10-17,Integrity,Wraith Blade
2023-10-17,Joobiejablon,Wraith Blade
2023-10-17,Bethaylorn,Wristguards of Vengeance
2023-10-17,Bli,Wristguards of Vengeance
2023-11-07,Cosmicheals,Band of Unanswered Prayers
2023-11-07,Gandal,Band of Unanswered Prayers
2023-11-07,Cleavadge,Band of Unnatural Forces
2023-11-07,Mistaveeb,Band of Unnatural Forces
2023-11-07,Pogg,Band of Unnatural Forces
2023-11-07,Gandal,Band of the Inevitable
2023-11-07,Tekilalove,Brimstone Staff
2023-11-07,Briseis,Cloak of the Necropolis
2023-11-07,Integrity,Corrupted Ashbringer
2023-11-07,Baldbro,Desecrated Boots
2023-11-07,Kurdinn,Desecrated Circlet
2023-11-07,Baldbro,Desecrated Headpiece
2023-11-07,Farquaad,Desecrated Headpiece
2023-11-07,Miltonmane,Desecrated Headpiece
2023-11-07,Kurdinn,Desecrated Leggings
2023-11-07,Branremix,Desecrated Pauldrons
2023-11-07,Audem,Desecrated Robe
2023-11-07,Mainevent,Desecrated Robe
2023-11-07,Tekilalove,Desecrated Robe
2023-11-07,Ruug,Desecrated Spaulders
2023-11-07,Cosmicheals,Desecrated Tunic
2023-11-07,Integrity,Desecrated Tunic
2023-11-07,Prunes,Eye of the Dead
2023-11-07,Thurgood,Eye of the Dead
2023-11-07,Gome,Gem of Trapped Innocents
2023-11-07,Dinoblunt,Girdle of the Mentor
2023-11-07,Graeggar,Girdle of the Mentor
2023-11-07,Branremix,"Gressil, Dawn of Ruin"
2023-11-07,Checkursix,"Gressil, Dawn of Ruin"
2023-11-07,Checkursix,"Gressil, Dawn of Ruin"
2023-11-07,Nineteenhc,"Gressil, Dawn of Ruin"
2023-11-07,Nineteenhc,"Gressil, Dawn of Ruin"
2023-11-07,Miltonmane,Hammer of the Twisting Nether
2023-11-07,Prunes,Hammer of the Twisting Nether
2023-11-07,Thurgood,Hammer of the Twisting Nether
2023-11-07,Paendrag,Harbinger of Doom
2023-11-07,Mictlantecuh,"Iblis, Blade of the Fallen Seraph"
2023-11-07,Ava,Kiss of the Spider
2023-11-07,Falariss,Kiss of the Spider
2023-11-07,Mcballs,Kiss of the Spider
2023-11-07,Paendrag,Kiss of the Spider
2023-11-07,Rootz,Leggings of Apocalypse
2023-11-07,Burkinafaso,Leggings of Polarity
2023-11-07,Rickytan,Misplaced Servo Arm
2023-11-07,Rickytan,Misplaced Servo Arm
2023-11-07,Farquaad,Nerubian Slavemaker
2023-11-07,Ruug,Nerubian Slavemaker
2023-11-07,Bli,Plated Abomination Ribcage
2023-11-07,Graeggar,Plated Abomination Ribcage
2023-11-07,Jensin,Resilience of the Scourge
2023-11-07,Badhygiene,Rime Covered Mantle
2023-11-07,Hegrid,Rime Covered Mantle
2023-11-07,Gome,Ring of the Eternal Flame
2023-11-07,Azzereth,Sapphiron's Left Eye
2023-11-07,Jensin,Sapphiron's Right Eye
2023-11-07,Mistaveeb,Shroud of Dominion
2023-11-07,Ava,Slayer's Crest
2023-11-07,Falariss,Slayer's Crest
2023-11-07,Crsw,The Castigator
2023-11-07,Dinoblunt,The Castigator
2023-11-07,Mcballs,The Castigator
2023-11-07,Mictlantecuh,The Castigator
2023-11-07,Rootz,The End of Dreams
2023-11-07,Bli,The Face of Death
2023-11-07,Zenz,The Face of Death
2023-11-07,Cleavadge,The Hungering Cold
2023-11-07,Pogg,The Hungering Cold
2023-11-07,Tont,The Hungering Cold
2023-11-07,Azzereth,The Restrained Essence of Sapphiron
2023-11-07,Badhygiene,The Restrained Essence of Sapphiron
2023-11-07,Hegrid,The Soul Harvester's Bindings
2023-11-07,Briseis,Wand of Fates
2023-11-07,Mainevent,Wand of the Whispering Dead
2023-11-07,Tont,Widow's Remorse
2023-11-07,Zenz,Widow's Remorse
2023-11-07,Audem,Wraith Blade
2023-11-07,Burkinafaso,Wraith Blade
2023-11-07,Crsw,Wristguards of Vengeance
2024-01-31,Dirttyr,Bonescythe Ring
2024-01-31,Dirtydëëds,Claw of the Frost Wyrm
2024-01-31,Bojjo,Cloak of the Necropolis
2024-01-31,Impax,Cloak of the Necropolis
2024-01-31,Uwudaddy,Cloak of the Necropolis
2024-01-31,Bojjo,Doomfinger
2024-01-31,Burkinafaso,Doomfinger
2024-01-31,Gome,Doomfinger
2024-01-31,Briseis,Eye of the Dead
2024-01-31,Dreamer,Eye of the Dead
2024-01-31,Integrity,Eye of the Dead
2024-01-31,Kiszma,Eye of the Dead
2024-01-31,Mainevent,Eye of the Dead
2024-01-31,Skiiska,Eye of the Dead
2024-01-31,Runtzxcookie,Frostfire Ring
2024-01-31,Gome,Gem of Trapped Innocents
2024-01-31,Impax,Gem of Trapped Innocents
2024-01-31,Waumbek,Glyph of Deflection
2024-01-31,Abusementprk,"Gressil, Dawn of Ruin"
2024-01-31,Alzera,"Gressil, Dawn of Ruin"
2024-01-31,Chims,"Gressil, Dawn of Ruin"
2024-01-31,Chims,"Gressil, Dawn of Ruin"
2024-01-31,Mictlantecuh,"Gressil, Dawn of Ruin"
2024-01-31,Mistaveeb,"Gressil, Dawn of Ruin"
2024-01-31,Nineteenalt,"Gressil, Dawn of Ruin"
2024-01-31,Nineteenalt,"Gressil, Dawn of Ruin"
2024-01-31,Yagå,"Gressil, Dawn of Ruin"
2024-01-31,Dreamer,Hammer of the Twisting Nether
2024-01-31,Holyrolled,Hammer of the Twisting Nether
2024-01-31,Holyrolled,Hammer of the Twisting Nether
2024-01-31,Kiszma,Hammer of the Twisting Nether
2024-01-31,Prunes,Hammer of the Twisting Nether
2024-01-31,Prunes,Hammer of the Twisting Nether
2024-01-31,Checkursix,Kingsfall
2024-01-31,Thorgena,Kingsfall
2024-01-31,Thorgena,Kingsfall
2024-01-31,Airz,Might of Menethil
2024-01-31,Airz,Might of Menethil
2024-01-31,Mcballs,Might of Menethil
2024-01-31,Dirttyr,Might of the Scourge
2024-01-31,Farquaad,Might of the Scourge
2024-01-31,Rootz,Might of the Scourge
2024-01-31,Ruug,Nerubian Slavemaker
2024-01-31,Runtzxcookie,Power of the Scourge
2024-01-31,Mainevent,Ring of Faith
2024-01-31,Burkinafaso,Sapphiron's Left Eye
2024-01-31,Skiiska,Sapphiron's Right Eye
2024-01-31,Integrity,Shield of Condemnation
2024-01-31,Alpineey,Shroud of Dominion
2024-01-31,Bli,Shroud of Dominion
2024-01-31,Bli,Shroud of Dominion
2024-01-31,Ratbag,Shroud of Dominion
2024-01-31,Ratbag,Shroud of Dominion
2024-01-31,Checkursix,Slayer's Crest
2024-01-31,Mcballs,Slayer's Crest
2024-01-31,Mictlantecuh,Slayer's Crest
2024-01-31,Rootz,Slayer's Crest
2024-01-31,Dirtydëëds,Stormrage's Talisman of Seething
2024-01-31,Pogg,Stormrage's Talisman of Seething
2024-01-31,Waumbek,The Face of Death
2024-01-31,Abusementprk,The Hungering Cold
2024-01-31,Alpineey,The Hungering Cold
2024-01-31,Alzera,The Hungering Cold
2024-01-31,Branremix,The Hungering Cold
2024-01-31,Branremix,The Hungering Cold
2024-01-31,Cleavadge,The Hungering Cold
2024-01-31,Cleavadge,The Hungering Cold
2024-01-31,Mistaveeb,The Hungering Cold
2024-01-31,Pogg,The Hungering Cold
2024-01-31,Yagå,The Hungering Cold
2024-01-31,Farquaad,The Phylactery of Kel'Thuzad
2024-01-31,Ruug,The Phylactery of Kel'Thuzad
2024-01-31,Thalantyr,The Phylactery of Kel'Thuzad
2024-01-31,Thalantyr,The Phylactery of Kel'Thuzad
2024-01-31,Briseis,The Restrained Essence of Sapphiron
2024-01-31,Gandal,The Restrained Essence of Sapphiron
2024-01-31,Gandal,The Restrained Essence of Sapphiron
2024-01-31,Jensin,The Restrained Essence of Sapphiron
2024-01-31,Jensin,The Restrained Essence of Sapphiron
2024-01-31,Uwudaddy,The Restrained Essence of Sapphiron
2024-03-05,Onefiftyone,Band of Unanswered Prayers
2024-03-05,Mictlantecuh,Band of Unnatural Forces
2024-03-05,Pogg,Band of Unnatural Forces
2024-03-05,Rootz,Band of Unnatural Forces
2024-03-05,Shaala,Cloak of Suturing
2024-03-05,Impax,Cloak of the Necropolis
2024-03-05,Prunes,Cloak of the Necropolis
2024-03-05,Shortandthic,Cloak of the Necropolis
2024-03-05,Yagå,Corrupted Ashbringer
2024-03-05,Gome,Doomfinger
2024-03-05,Gome,Doomfinger
2024-03-05,Holyrolled,Eye of the Dead
2024-03-05,Onefiftyone,Eye of the Dead
2024-03-05,Waumbek,Eye of the Dead
2024-03-05,Impax,Gem of Trapped Innocents
2024-03-05,Bli,Ghoul Skin Tunic
2024-03-05,Chims,Girdle of the Mentor
2024-03-05,Dinoblunt,Girdle of the Mentor
2024-03-05,Mistaveeb,Girdle of the Mentor
2024-03-05,Tavesty,Girdle of the Mentor
2024-03-05,Bli,Hammer of the Twisting Nether
2024-03-05,Miltonmane,Hammer of the Twisting Nether
2024-03-05,Priestrofl,Hammer of the Twisting Nether
2024-03-05,Nearl,Harbinger of Doom
2024-03-05,Yagå,Hatchet of Sundered Bone
2024-03-05,Alpineey,"Iblis, Blade of the Fallen Seraph"
2024-03-05,Checkursix,"Iblis, Blade of the Fallen Seraph"
2024-03-05,Nearl,Kingsfall
2024-03-05,Abusementprk,Kiss of the Spider
2024-03-05,Checkursix,Kiss of the Spider
2024-03-05,Chims,Kiss of the Spider
2024-03-05,Knumb,Kiss of the Spider
2024-03-05,Mcballs,Kiss of the Spider
2024-03-05,Nineteenalt,Kiss of the Spider
2024-03-05,Nineteenalt,Kiss of the Spider
2024-03-05,Zerofox,Kiss of the Spider
2024-03-05,Zerofox,Leggings of Apocalypse
2024-03-05,Burkinafaso,Leggings of Polarity
2024-03-05,Shortandthic,Leggings of Polarity
2024-03-05,Thorgena,Legplates of Carnage
2024-03-05,Airz,Might of Menethil
2024-03-05,Airz,Might of Menethil
2024-03-05,Cleavadge,Might of the Scourge
2024-03-05,Ruug,Nerubian Slavemaker
2024-03-05,Thorgena,Plated Abomination Ribcage
2024-03-05,Skiiska,Ring of Faith
2024-03-05,Uwudaddy,Sapphiron's Left Eye
2024-03-05,Burkinafaso,Seal of the Damned
2024-03-05,Miltonmane,Shield of Condemnation
2024-03-05,Dirtydëëds,Shroud of Dominion
2024-03-05,Dirtydëëds,Shroud of Dominion
2024-03-05,Pogg,Shroud of Dominion
2024-03-05,Abusementprk,Slayer's Crest
2024-03-05,Knumb,Slayer's Crest
2024-03-05,Mcballs,Slayer's Crest
2024-03-05,Ruug,Slayer's Crest
2024-03-05,Tavesty,Slayer's Crest
2024-03-05,Shaala,Spire of Twilight
2024-03-05,Branremix,Stormrage's Talisman of Seething
2024-03-05,Mictlantecuh,Stormrage's Talisman of Seething
2024-03-05,Rootz,Stormrage's Talisman of Seething
2024-03-05,Alpineey,The Castigator
2024-03-05,Dinoblunt,The Castigator
2024-03-05,Waumbek,The Face of Death
2024-03-05,Briseis,The Phylactery of Kel'Thuzad
2024-03-05,Briseis,The Restrained Essence of Sapphiron
2024-03-05,Gandal,The Restrained Essence of Sapphiron
2024-03-05,Gandal,The Restrained Essence of Sapphiron
2024-03-05,Hegred,The Restrained Essence of Sapphiron
2024-03-05,Hegred,The Restrained Essence of Sapphiron
2024-03-05,Holyrolled,The Restrained Essence of Sapphiron
2024-03-05,Prunes,The Restrained Essence of Sapphiron
2024-03-05,Bojjo,The Soul Harvester's Bindings
2024-03-05,Branremix,The Widow's Embrace
2024-03-05,Uwudaddy,Wand of Fates
2024-03-05,Priestrofl,Wand of the Whispering Dead
2024-03-05,Skiiska,Wand of the Whispering Dead
2024-03-05,Bojjo,Wraith Blade
2024-03-05,Cleavadge,Wristguards of Vengeance
2024-03-05,Mistaveeb,Wristguards of Vengeance
2023-10-10,Nabdru,Band of Reanimation
2023-10-10,Cosmicheals,Band of Unanswered Prayers
2023-10-10,Prunes,Band of Unanswered Prayers
2023-10-10,Thurgood,Band of Unanswered Prayers
2023-10-10,Bli,Band of Unnatural Forces
2023-10-10,Falariss,Band of Unnatural Forces
2023-10-10,Eronimo,Brimstone Staff
2023-10-10,Rootz,Cloak of the Scourge
2023-10-10,Airz,Death's Bargain
2023-10-10,Saacon,Desecrated Belt
2023-10-10,Gome,Desecrated Bindings
2023-10-10,Baldbro,Desecrated Boots
2023-10-10,Waumbek,Desecrated Boots
2023-10-10,Zepii,Desecrated Boots
2023-10-10,Burkinafaso,Desecrated Circlet
2023-10-10,Cainbaid,Desecrated Circlet
2023-10-10,Eronimo,Desecrated Circlet
2023-10-10,Mainevent,Desecrated Circlet
2023-10-10,Unluckyy,Desecrated Girdle
2023-10-10,Saacon,Desecrated Gloves
2023-10-10,Thurgood,Desecrated Gloves
2023-10-10,Baldbro,Desecrated Headpiece
2023-10-10,Cosmicheals,Desecrated Headpiece
2023-10-10,Mainevent,Desecrated Leggings
2023-10-10,Azzereth,Desecrated Shoulderpads
2023-10-10,Azzereth,Desecrated Shoulderpads
2023-10-10,Cainbaid,Desecrated Shoulderpads
2023-10-10,Gome,Desecrated Shoulderpads
2023-10-10,Unluckyy,Desecrated Spaulders
2023-10-10,Waumbek,Desecrated Spaulders
2023-10-10,Zepii,Desecrated Spaulders
2023-10-10,Nabdru,Ghoul Skin Tunic
2023-10-10,Mictlantecuh,Girdle of the Mentor
2023-10-10,Pogg,Girdle of the Mentor
2023-10-10,Falariss,Harbinger of Doom
2023-10-10,Paendrag,Harbinger of Doom
2023-10-10,Mictlantecuh,Hatchet of Sundered Bone
2023-10-10,Paendrag,Hatchet of Sundered Bone
2023-10-10,Dinoblunt,"Iblis, Blade of the Fallen Seraph"
2023-10-10,Zenz,"Iblis, Blade of the Fallen Seraph"
2023-10-10,Branremix,Kiss of the Spider
2023-10-10,Cleavadge,Kiss of the Spider
2023-10-10,Mcballs,Kiss of the Spider
2023-10-10,Rickytan,Kiss of the Spider
2023-10-10,Rootz,Kiss of the Spider
2023-10-10,Villainx,Kiss of the Spider
2023-10-10,Villainx,Kiss of the Spider
2023-10-10,Hogger,Leggings of Polarity
2023-10-10,Joobiejablon,Leggings of Polarity
2023-10-10,Locope,Legplates of Carnage
2023-10-10,Airz,Libram of Light
2023-10-10,Checkursix,Maexxna's Fang
2023-10-10,Checkursix,Maexxna's Fang
2023-10-10,Briseis,Malice Stone Pendant
2023-10-10,Kurdinn,Midnight Haze
2023-10-10,Rickytan,Misplaced Servo Arm
2023-10-10,Prunes,Necklace of Necropsy
2023-10-10,Locope,Plated Abomination Ribcage
2023-10-10,Mistaveeb,Plated Abomination Ribcage
2023-10-10,Gandal,Preceptor's Hat
2023-10-10,Gandal,Preceptor's Hat
2023-10-10,Audem,Rime Covered Mantle
2023-10-10,Briseis,Rime Covered Mantle
2023-10-10,Dinoblunt,The Castigator
2023-10-10,Mcballs,The Castigator
2023-10-10,Mistaveeb,The Castigator
2023-10-10,Pogg,The Castigator
2023-10-10,Kurdinn,The End of Dreams
2023-10-10,Integrity,The Widow's Embrace
2023-10-10,Hegrid,Wand of Fates
2023-10-10,Hegrid,Wand of Fates
2023-10-10,Hogger,Wand of Fates
2023-10-10,Branremix,Widow's Remorse
2023-10-10,Zenz,Widow's Remorse
2023-10-10,Audem,Wraith Blade
2023-10-10,Burkinafaso,Wraith Blade
2023-10-10,Integrity,Wraith Blade
2023-10-10,Joobiejablon,Wraith Blade
2023-10-10,Bli,Wristguards of Vengeance
2023-10-10,Cleavadge,Wristguards of Vengeance
2024-06-11,Finesse,Band of Unnatural Forces
2024-06-11,Mictlantecuh,Band of Unnatural Forces
2024-06-11,Rootz,Band of Unnatural Forces
2024-06-11,Vanishh,Band of Unnatural Forces
2024-06-11,Ábrams,Band of Unnatural Forces
2024-06-11,Prunes,Band of the Inevitable
2024-06-11,Onefiftyone,Cloak of Suturing
2024-06-11,Prunes,Cloak of the Necropolis
2024-06-11,Pandaheals,Desecrated Circlet
2024-06-11,Pandaheals,Desecrated Leggings
2024-06-11,Impax,Eye of Diminution
2024-06-11,Holyalpine,Eye of the Dead
2024-06-11,Lilanni,Eye of the Dead
2024-06-11,Spacepimp,Eye of the Dead
2024-06-11,Bojjo,Gem of Trapped Innocents
2024-06-11,Feq,Girdle of the Mentor
2024-06-11,Qttrans,Girdle of the Mentor
2024-06-11,Rickytanx,Girdle of the Mentor
2024-06-11,Bli,Hammer of the Twisting Nether
2024-06-11,Bli,Hammer of the Twisting Nether
2024-06-11,Holyalpine,Hammer of the Twisting Nether
2024-06-11,Lilanni,Hammer of the Twisting Nether
2024-06-11,Ogbigz,Hammer of the Twisting Nether
2024-06-11,Ogbigz,Hammer of the Twisting Nether
2024-06-11,Spacepimp,Hammer of the Twisting Nether
2024-06-11,Orcbane,Hatchet of Sundered Bone
2024-06-11,Checkursix,"Iblis, Blade of the Fallen Seraph"
2024-06-11,Dripstyle,"Iblis, Blade of the Fallen Seraph"
2024-06-11,Finesse,"Iblis, Blade of the Fallen Seraph"
2024-06-11,Toxicalover,"Iblis, Blade of the Fallen Seraph"
2024-06-11,Chiseller,Kingsfall
2024-06-11,Jetrho,Kingsfall
2024-06-11,Abusementprk,Kiss of the Spider
2024-06-11,Abusementprk,Kiss of the Spider
2024-06-11,Checkursix,Kiss of the Spider
2024-06-11,Chims,Kiss of the Spider
2024-06-11,Chims,Kiss of the Spider
2024-06-11,Mictlantecuh,Kiss of the Spider
2024-06-11,Pogg,Kiss of the Spider
2024-06-11,Rickytanx,Kiss of the Spider
2024-06-11,Skiiska,Leggings of Polarity
2024-06-11,Dripstyle,Legplates of Carnage
2024-06-11,Feq,Legplates of Carnage
2024-06-11,Ábrams,Legplates of Carnage
2024-06-11,Arizana,Might of Menethil
2024-06-11,Branremix,Might of Menethil
2024-06-11,Waumbek,Might of Menethil
2024-06-11,Waumbek,Might of Menethil
2024-06-11,Onefiftyone,Necklace of Necropsy
2024-06-11,Chiseller,Nerubian Slavemaker
2024-06-11,Qttrans,Plated Abomination Ribcage
2024-06-11,Skiiska,Rime Covered Mantle
2024-06-11,Kurdinn,Ring of Faith
2024-06-11,Bojjo,Sapphiron's Left Eye
2024-06-11,Impax,Sapphiron's Left Eye
2024-06-11,Mistaveeb,Shroud of Dominion
2024-06-11,Rootz,Shroud of Dominion
2024-06-11,Branremix,Slayer's Crest
2024-06-11,Jetrho,Slayer's Crest
2024-06-11,Nineteenalt,Slayer's Crest
2024-06-11,Nineteenalt,Slayer's Crest
2024-06-11,Pogg,Slayer's Crest
2024-06-11,Ruug,Slayer's Crest
2024-06-11,Ruug,Slayer's Crest
2024-06-11,Vanishh,Slayer's Crest
2024-06-11,Kurdinn,Soulseeker
2024-06-11,Mistaveeb,Stormrage's Talisman of Seething
2024-06-11,Aleice,The Castigator
2024-06-11,Glad,The Castigator
2024-06-11,Glad,The Castigator
2024-06-11,Toxicalover,The Castigator
2024-06-11,Gandal,The Phylactery of Kel'Thuzad
2024-06-11,Orcbane,The Phylactery of Kel'Thuzad
2024-06-11,Burkinn,The Restrained Essence of Sapphiron
2024-06-11,Burkinn,The Restrained Essence of Sapphiron
2024-06-11,Gandal,Veil of Eclipse
2024-06-11,Gome,Wand of Fates
2024-06-11,Gome,Wand of Fates
2024-06-11,Aleice,Wristguards of Vengeance
2024-06-11,Arizana,Wristguards of Vengeance
2025-07-22,Illadelph,Band of Unanswered Prayers
2025-07-22,Illadelph,Band of Unanswered Prayers
2025-07-22,Slashi,Band of Unnatural Forces
2025-07-22,Thorgenie,Band of Unnatural Forces
2025-07-22,Vanthur,Band of Unnatural Forces
2025-07-22,Deadcoiles,Band of the Inevitable
2025-07-22,Jhonytank,Claw of the Frost Wyrm
2025-07-22,Badhygiene,Cloak of the Necropolis
2025-07-22,Kushcloud,Cloak of the Necropolis
2025-07-22,Mandraky,Cloak of the Necropolis
2025-07-22,Holyfist,Corrupted Ashbringer
2025-07-22,Numbrodos,Death's Bargain
2025-07-22,Chimpsmage,Doomfinger
2025-07-22,Bravesrrobin,Eye of the Dead
2025-07-22,Bravesrrobin,Eye of the Dead
2025-07-22,Darkwings,Eye of the Dead
2025-07-22,Greybush,Eye of the Dead
2025-07-22,Greybush,Eye of the Dead
2025-07-22,Huxli,Girdle of the Mentor
2025-07-22,Macthorson,Girdle of the Mentor
2025-07-22,Torreypines,Girdle of the Mentor
2025-07-22,Darkwings,Hammer of the Twisting Nether
2025-07-22,Holyfist,Hammer of the Twisting Nether
2025-07-22,Feq,Hatchet of Sundered Bone
2025-07-22,Macthorson,Hatchet of Sundered Bone
2025-07-22,Gurü,"Iblis, Blade of the Fallen Seraph"
2025-07-22,Rustialt,"Iblis, Blade of the Fallen Seraph"
2025-07-22,Zosokid,"Iblis, Blade of the Fallen Seraph"
2025-07-22,Vazec,Kingsfall
2025-07-22,Dilphiv,Kiss of the Spider
2025-07-22,Dwamasama,Kiss of the Spider
2025-07-22,Gurü,Kiss of the Spider
2025-07-22,Huxli,Kiss of the Spider
2025-07-22,Slashi,Kiss of the Spider
2025-07-22,Vanthur,Leggings of Apocalypse
2025-07-22,Abusementprk,Legplates of Carnage
2025-07-22,Abusementprk,Legplates of Carnage
2025-07-22,Mesmasshuu,Legplates of Carnage
2025-07-22,Torreypines,Legplates of Carnage
2025-07-22,Madder,Might of the Scourge
2025-07-22,Toxicalover,Might of the Scourge
2025-07-22,Jhonytank,Misplaced Servo Arm
2025-07-22,Meco,Nerubian Slavemaker
2025-07-22,Meco,Nerubian Slavemaker
2025-07-22,Toxicalover,Nerubian Slavemaker
2025-07-22,Dwamasama,Plated Abomination Ribcage
2025-07-22,Madder,Plated Abomination Ribcage
2025-07-22,Mesmasshuu,Plated Abomination Ribcage
2025-07-22,Skiiska,Resilience of the Scourge
2025-07-22,Skiiska,Resilience of the Scourge
2025-07-22,Kenshy,Rime Covered Mantle
2025-07-22,Twobraids,Ring of Faith
2025-07-22,Vazec,Sadist's Collar
2025-07-22,Twobraids,Sapphiron's Right Eye
2025-07-22,Igkidkyuubi,Shroud of Dominion
2025-07-22,Glad,Slayer's Crest
2025-07-22,Glad,Slayer's Crest
2025-07-22,Igkidkyuubi,Slayer's Crest
2025-07-22,Thorgenie,Slayer's Crest
2025-07-22,Michaelre,Stormrage's Talisman of Seething
2025-07-22,Zosokid,Stormrage's Talisman of Seething
2025-07-22,Dilphiv,The Castigator
2025-07-22,Michaelre,The Castigator
2025-07-22,Rustialt,The Castigator
2025-07-22,Feq,The Face of Death
2025-07-22,Badhygiene,The Restrained Essence of Sapphiron
2025-07-22,Chimpsmage,The Restrained Essence of Sapphiron
2025-07-22,Kurdinn,The Restrained Essence of Sapphiron
2025-07-22,Kurdinn,The Restrained Essence of Sapphiron
2025-07-22,Kushcloud,The Restrained Essence of Sapphiron
2025-07-22,Mandraky,The Restrained Essence of Sapphiron
2025-07-22,Numbrodos,The Restrained Essence of Sapphiron
2025-07-22,Onefiftyone,The Restrained Essence of Sapphiron
2025-07-22,Onefiftyone,The Restrained Essence of Sapphiron
2025-07-22,Deadcoiles,Wand of Fates
2025-07-22,Kenshy,Wraith Blade
2024-06-25,Ogbigzz,Band of Unanswered Prayers
2024-06-25,Chims,Band of Unnatural Forces
2024-06-25,Chims,Band of Unnatural Forces
2024-06-25,Rootz,Band of Unnatural Forces
2024-06-25,Rootz,Band of Unnatural Forces
2024-06-25,Vanishh,Band of Unnatural Forces
2024-06-25,Prunes,Band of the Inevitable
2024-06-25,Gokun,Cloak of Suturing
2024-06-25,Onefiftyone,Cloak of Suturing
2024-06-25,Onefiftyone,Cloak of Suturing
2024-06-25,Gandal,Cloak of the Necropolis
2024-06-25,Waumbek,Cryptfiend Silk Cloak
2024-06-25,Burkinafaso,Doomfinger
2024-06-25,Lilanni,Eye of the Dead
2024-06-25,Scambena,Eye of the Dead
2024-06-25,Scambena,Eye of the Dead
2024-06-25,Spacepimp,Eye of the Dead
2024-06-25,Gandal,Gem of Trapped Innocents
2024-06-25,Rickytanx,Girdle of the Mentor
2024-06-25,Toxicalover,Girdle of the Mentor
2024-06-25,Bli,Hammer of the Twisting Nether
2024-06-25,Branremix,Hammer of the Twisting Nether
2024-06-25,Gokun,Hammer of the Twisting Nether
2024-06-25,Lilanni,Hammer of the Twisting Nether
2024-06-25,Spacepimp,Hammer of the Twisting Nether
2024-06-25,Orcbane,Hatchet of Sundered Bone
2024-06-25,Alpineey,"Iblis, Blade of the Fallen Seraph"
2024-06-25,Checkursix,"Iblis, Blade of the Fallen Seraph"
2024-06-25,Dripstyle,"Iblis, Blade of the Fallen Seraph"
2024-06-25,Finesse,"Iblis, Blade of the Fallen Seraph"
2024-06-25,Jetrho,Kingsfall
2024-06-25,Abusementprk,Kiss of the Spider
2024-06-25,Checkursix,Kiss of the Spider
2024-06-25,Dripstyle,Kiss of the Spider
2024-06-25,Feq,Kiss of the Spider
2024-06-25,Glad,Kiss of the Spider
2024-06-25,Glad,Kiss of the Spider
2024-06-25,Pogg,Kiss of the Spider
2024-06-25,Burkinafaso,Leggings of Polarity
2024-06-25,Feq,Legplates of Carnage
2024-06-25,Ábrams,Legplates of Carnage
2024-06-25,Ogbigzz,Libram of Light
2024-06-25,Arizana,Might of Menethil
2024-06-25,Waumbek,Might of Menethil
2024-06-25,Rickytanx,Might of the Scourge
2024-06-25,Bli,Nerubian Slavemaker
2024-06-25,Mildumplin,Plated Abomination Ribcage
2024-06-25,Impax,Power of the Scourge
2024-06-25,Prunes,Resilience of the Scourge
2024-06-25,Supgap,Rime Covered Mantle
2024-06-25,Bojjo,Sapphiron's Left Eye
2024-06-25,Uwudaddy,Sapphiron's Left Eye
2024-06-25,Pandaheals,Sapphiron's Right Eye
2024-06-25,Bojjo,Seal of the Damned
2024-06-25,Mistaveeb,Shroud of Dominion
2024-06-25,Abusementprk,Slayer's Crest
2024-06-25,Branremix,Slayer's Crest
2024-06-25,Jetrho,Slayer's Crest
2024-06-25,Nineteenalt,Slayer's Crest
2024-06-25,Nineteenalt,Slayer's Crest
2024-06-25,Pogg,Slayer's Crest
2024-06-25,Ruug,Slayer's Crest
2024-06-25,Ruug,Slayer's Crest
2024-06-25,Vanishh,Slayer's Crest
2024-06-25,Alpineey,Stormrage's Talisman of Seething
2024-06-25,Mistaveeb,Stormrage's Talisman of Seething
2024-06-25,Ábrams,Stormrage's Talisman of Seething
2024-06-25,Aleice,The Castigator
2024-06-25,Toxicalover,The Castigator
2024-06-25,Finesse,The Phylactery of Kel'Thuzad
2024-06-25,Supgap,The Restrained Essence of Sapphiron
2024-06-25,Uwudaddy,The Restrained Essence of Sapphiron
2024-06-25,Gome,Wand of Fates
2024-06-25,Gome,Wand of Fates
2024-06-25,Pandaheals,Wand of the Whispering Dead
2024-06-25,Aleice,Wristguards of Vengeance
2024-06-25,Arizana,Wristguards of Vengeance
2024-06-25,Mildumplin,Wristguards of Vengeance
2024-06-25,Orcbane,Wristguards of Vengeance
2025-11-11,Caludin,Band of Unanswered Prayers
2025-11-11,Ares,Band of Unnatural Forces
2025-11-11,Huxli,Band of Unnatural Forces
2025-11-11,Mesmasshuu,Band of Unnatural Forces
2025-11-11,Rusti,Band of Unnatural Forces
2025-11-11,Deadcoiles,Cloak of the Necropolis
2025-11-11,Julios,Cloak of the Necropolis
2025-11-11,Solidsmtx,Corrupted Ashbringer
2025-11-11,Abusementprk,Eye of the Dead
2025-11-11,Bispriest,Eye of the Dead
2025-11-11,Gaussxd,Eye of the Dead
2025-11-11,Gaussxd,Eye of the Dead
2025-11-10,Grapedrink,Eye of the Dead
2025-11-11,Darkwings,Frozen Rune
2025-11-11,Waumbek,Frozen Rune
2025-11-10,Grapedrink,Ghoul Skin Tunic
2025-11-11,Ares,Girdle of the Mentor
2025-11-10,Macthorson,Girdle of the Mentor
2025-11-11,Saladbalding,Girdle of the Mentor
2025-11-11,Torreypines,Girdle of the Mentor
2025-11-11,Aberria,Hammer of the Twisting Nether
2025-11-11,Caludin,Hammer of the Twisting Nether
2025-11-11,Lagerthafury,"Iblis, Blade of the Fallen Seraph"
2025-11-11,Zosokid,"Iblis, Blade of the Fallen Seraph"
2025-11-11,Meco,Icy Scale Coif
2025-11-11,Meco,Icy Scale Coif
2025-11-10,Buhf,Kingsfall
2025-11-11,Anticide,Kiss of the Spider
2025-11-11,Anticide,Kiss of the Spider
2025-11-10,Buhf,Kiss of the Spider
2025-11-11,Dilphiv,Kiss of the Spider
2025-11-11,Hurb,Kiss of the Spider
2025-11-11,Saladbalding,Kiss of the Spider
2025-11-11,Torreypines,Kiss of the Spider
2025-11-11,Biubiuu,Leggings of Polarity
2025-11-11,Andragan,Legplates of Carnage
2025-11-11,Andragan,Legplates of Carnage
2025-11-11,Solidsmtx,Legplates of Carnage
2025-11-11,Patriot,Might of Menethil
2025-11-11,Ethos,Misplaced Servo Arm
2025-11-11,Aberria,Necklace of Necropsy
2025-11-11,Skiiska,Necro-Knight's Garb
2025-11-11,Skiiska,Necro-Knight's Garb
2025-11-11,Abusementprk,Nerubian Slavemaker
2025-11-11,Glad,Nerubian Slavemaker
2025-11-11,Goathearder,Rime Covered Mantle
2025-11-11,Greybush,Sapphiron's Left Eye
2025-11-11,Bispriest,Sapphiron's Right Eye
2025-11-11,Patriot,Shield of Condemnation
2025-11-11,Ethos,Shroud of Dominion
2025-11-11,Glad,Shroud of Dominion
2025-11-11,Lagerthafury,Shroud of Dominion
2025-11-11,Dilphiv,Slayer's Crest
2025-11-11,Madder,Slayer's Crest
2025-11-11,Madder,Slayer's Crest
2025-11-11,Mesmasshuu,Slayer's Crest
2025-11-11,Rusti,Slayer's Crest
2025-11-10,Slout,Slayer's Crest
2025-11-11,Zosokid,Slayer's Crest
2025-11-11,Huxli,Stormrage's Talisman of Seething
2025-11-10,Slout,Stormrage's Talisman of Seething
2025-11-10,Macthorson,The Castigator
2025-11-11,Deadcoiles,The Restrained Essence of Sapphiron
2025-11-11,Goathearder,The Restrained Essence of Sapphiron
2025-11-11,Greybush,The Restrained Essence of Sapphiron
2025-11-11,Trine,The Restrained Essence of Sapphiron
2025-11-11,Trine,The Restrained Essence of Sapphiron
2025-11-11,Kushcloud,The Soul Harvester's Bindings
2025-11-10,Kurdinn,Wand of Fates
2025-11-10,Kurdinn,Wand of Fates
2025-11-11,Kushcloud,Wand of the Whispering Dead
2025-11-11,Biubiuu,Wraith Blade
2025-11-11,Julios,Wraith Blade
2025-11-11,Hurb,Wristguards of Vengeance
2025-03-04,Gduel,Band of Unanswered Prayers
2025-03-04,Arizana,Band of Unnatural Forces
2025-03-04,Donfrye,Band of Unnatural Forces
2025-03-04,Glad,Band of Unnatural Forces
2025-03-04,Feq,Corrupted Ashbringer
2025-03-04,Arizana,Eye of the Dead
2025-03-04,Briseis,Eye of the Dead
2025-03-04,Chambersbay,Eye of the Dead
2025-03-04,Kushcloud,Eye of the Dead
2025-03-04,Rootz,Eye of the Dead
2025-03-04,Touchmebaby,Gem of Nerubis
2025-03-04,Donfrye,Girdle of the Mentor
2025-03-04,Feq,Girdle of the Mentor
2025-03-04,Knumb,Girdle of the Mentor
2025-03-04,Mlb,Girdle of the Mentor
2025-03-04,Branremix,Hammer of the Twisting Nether
2025-03-04,Kushcloud,Hammer of the Twisting Nether
2025-03-04,Priestrofl,Hammer of the Twisting Nether
2025-03-04,Ghili,"Iblis, Blade of the Fallen Seraph"
2025-03-04,Huxx,"Iblis, Blade of the Fallen Seraph"
2025-03-04,Saladbalding,"Iblis, Blade of the Fallen Seraph"
2025-03-04,Aile,Kingsfall
2025-03-04,Burnswhenip,Kingsfall
2025-03-04,Alpineey,Kiss of the Spider
2025-03-04,Alpineey,Kiss of the Spider
2025-03-04,Madder,Kiss of the Spider
2025-03-04,Microgodx,Kiss of the Spider
2025-03-04,Rusti,Kiss of the Spider
2025-03-04,Rusti,Kiss of the Spider
2025-03-04,Frostiwarr,Leggings of Apocalypse
2025-03-04,Jetrho,Leggings of Apocalypse
2025-03-04,Mlb,Leggings of Apocalypse
2025-03-04,Flushh,Leggings of Polarity
2025-03-04,Abusementprk,Legplates of Carnage
2025-03-04,Saladbalding,Legplates of Carnage
2025-03-04,Gduel,Libram of Light
2025-03-04,Numbrodos,Libram of Light
2025-03-04,Frostiwarr,Might of Menethil
2025-03-04,Athek,Might of the Scourge
2025-03-04,Glad,Might of the Scourge
2025-03-04,Huxx,Misplaced Servo Arm
2025-03-04,Bli,Necklace of Necropsy
2025-03-04,Bli,Necklace of Necropsy
2025-03-04,Avecz,Plated Abomination Ribcage
2025-03-04,Priestrofl,Ring of Faith
2025-03-04,Abusementprk,Shroud of Dominion
2025-03-04,Jetrho,Shroud of Dominion
2025-03-04,Branremix,Slayer's Crest
2025-03-04,Burnswhenip,Slayer's Crest
2025-03-04,Ghili,Slayer's Crest
2025-03-04,Mistaveeb,Slayer's Crest
2025-03-04,Mistaveeb,Slayer's Crest
2025-03-04,Rootz,Slayer's Crest
2025-03-04,Madder,Stormrage's Talisman of Seething
2025-03-04,Microgodx,Stormrage's Talisman of Seething
2025-03-04,Athek,The Castigator
2025-03-04,Avecz,The Castigator
2025-03-04,Touchmebaby,The End of Dreams
2025-03-04,Knumb,The Face of Death
2025-03-04,Skiiska,The Phylactery of Kel'Thuzad
2025-03-04,Briseis,The Restrained Essence of Sapphiron
2025-03-04,Cooteer,The Restrained Essence of Sapphiron
2025-03-04,Cooteer,The Restrained Essence of Sapphiron
2025-03-04,Donzonæq,The Restrained Essence of Sapphiron
2025-03-04,Donzonæq,The Restrained Essence of Sapphiron
2025-03-04,Flushh,The Restrained Essence of Sapphiron
2025-03-04,Skiiska,The Restrained Essence of Sapphiron
2025-03-04,Chambersbay,Wand of the Whispering Dead
2025-03-04,Aile,Widow's Remorse
2025-03-04,Numbrodos,Wraith Blade
2024-09-10,Airz,Band of Unanswered Prayers
2024-09-10,Feq,Band of Unnatural Forces
2024-09-10,Vanishh,Band of Unnatural Forces
2024-09-10,Ábrams,Band of Unnatural Forces
2024-09-10,Gugsx,Claw of the Frost Wyrm
2024-09-10,Burkhealz,Cloak of Suturing
2024-09-10,Donzonæq,Cloak of the Necropolis
2024-09-10,Bigpappa,Desecrated Spaulders
2024-09-10,Supgap,Doomfinger
2024-09-10,Anaomil,Eye of the Dead
2024-09-10,Bli,Eye of the Dead
2024-09-10,Bli,Eye of the Dead
2024-09-10,Mistav,Eye of the Dead
2024-09-10,Shaala,Eye of the Dead
2024-09-10,Shaala,Eye of the Dead
2024-09-10,Waumbek,Fortitude of the Scourge
2024-09-10,Skiiska,Gem of Trapped Innocents
2024-09-10,Abusementprk,Girdle of the Mentor
2024-09-10,Airz,Girdle of the Mentor
2024-09-10,Michaelre,Girdle of the Mentor
2024-09-10,Impax,Hailstone Band
2024-09-10,Burkhealz,Hammer of the Twisting Nether
2024-09-10,Mistav,Hammer of the Twisting Nether
2024-09-10,Saladblesing,Hammer of the Twisting Nether
2024-09-10,Saladblesing,Hammer of the Twisting Nether
2024-09-10,Smoothbore,Hammer of the Twisting Nether
2024-09-10,Yasuke,Hatchet of Sundered Bone
2024-09-10,Finesse,"Iblis, Blade of the Fallen Seraph"
2024-09-10,Rusti,"Iblis, Blade of the Fallen Seraph"
2024-09-10,Poggt,Kingsfall
2024-09-10,Yasuke,Kingsfall
2024-09-10,Checkursix,Kiss of the Spider
2024-09-10,Finesse,Kiss of the Spider
2024-09-10,Glad,Kiss of the Spider
2024-09-10,Knumb,Kiss of the Spider
2024-09-10,Micklevi,Kiss of the Spider
2024-09-10,Mictlantecuh,Kiss of the Spider
2024-09-10,Toxicalover,Kiss of the Spider
2024-09-10,Donzonæq,Leggings of Polarity
2024-09-10,Gandal,Leggings of Polarity
2024-09-10,Trine,Leggings of Polarity
2024-09-10,Critzmcgee,Legplates of Carnage
2024-09-10,Poggt,Legplates of Carnage
2024-09-10,Smoothbore,Libram of Light
2024-09-10,Impax,Loatheb's Reflection
2024-09-10,Gugsx,Might of the Scourge
2024-09-10,Vanishh,Might of the Scourge
2024-09-10,Reciprocate,Misplaced Servo Arm
2024-09-10,Bigpappa,Nerubian Slavemaker
2024-09-10,Michaelre,Plated Abomination Ribcage
2024-09-10,Dionefastrgf,Rime Covered Mantle
2024-09-10,Trine,Rime Covered Mantle
2024-09-10,Chimpsmage,Sapphiron's Left Eye
2024-09-10,Dionefastrgf,Sapphiron's Left Eye
2024-09-10,Gandal,Seal of the Damned
2024-09-10,Skiiska,Seal of the Damned
2024-09-10,Anaomil,Shield of Condemnation
2024-09-10,Feq,Shroud of Dominion
2024-09-10,Knumb,Shroud of Dominion
2024-09-10,Mictlantecuh,Shroud of Dominion
2024-09-10,Glad,Slayer's Crest
2024-09-10,Jetrho,Slayer's Crest
2024-09-10,Jetrho,Slayer's Crest
2024-09-10,Micklevi,Slayer's Crest
2024-09-10,Rootz,Slayer's Crest
2024-09-10,Rootz,Slayer's Crest
2024-09-10,Toxicalover,Slayer's Crest
2024-09-10,Critzmcgee,Soulstring
2024-09-10,Abusementprk,Stormrage's Talisman of Seething
2024-09-10,Checkursix,Stormrage's Talisman of Seething
2024-09-10,Ábrams,Stormrage's Talisman of Seething
2024-09-10,Rusti,The Castigator
2024-09-10,Nineteenalt,The Face of Death
2024-09-10,Reciprocate,The Face of Death
2024-09-10,Supgap,The Restrained Essence of Sapphiron
2024-09-10,Chimpsmage,The Soul Harvester's Bindings
2024-09-10,Waumbek,Wraith Blade
2024-09-10,Nineteenalt,Wristguards of Vengeance
2024-07-02,Kurdinn,Band of Unanswered Prayers
2024-07-02,Chims,Band of Unnatural Forces
2024-07-02,Chims,Band of Unnatural Forces
2024-07-02,Finesse,Band of Unnatural Forces
2024-07-02,Vanishh,Band of Unnatural Forces
2024-07-02,Prunes,Band of the Inevitable
2024-07-02,Onefiftyone,Cloak of Suturing
2024-07-02,Onefiftyone,Cloak of Suturing
2024-07-02,Gandal,Cloak of the Necropolis
2024-07-02,Ogbigzz,Corrupted Ashbringer
2024-07-02,Haddock,Desecrated Circlet
2024-07-02,Skiiska,Doomfinger
2024-07-02,Waumbek,Eye of Diminution
2024-07-02,Ogbigzz,Eye of the Dead
2024-07-02,Scambena,Eye of the Dead
2024-07-02,Scambena,Eye of the Dead
2024-07-02,Gandal,Gem of Trapped Innocents
2024-07-02,Microgodx,Girdle of the Mentor
2024-07-02,Rickytanx,Girdle of the Mentor
2024-07-02,Toxicalover,Girdle of the Mentor
2024-07-02,Bli,Hammer of the Twisting Nether
2024-07-02,Branremix,Hammer of the Twisting Nether
2024-07-02,Kurdinn,Hammer of the Twisting Nether
2024-07-02,Spacepimp,Hammer of the Twisting Nether
2024-07-02,Spacepimp,Hammer of the Twisting Nether
2024-07-02,Checkursix,"Iblis, Blade of the Fallen Seraph"
2024-07-02,Critzmcgee,"Iblis, Blade of the Fallen Seraph"
2024-07-02,Dripstyle,"Iblis, Blade of the Fallen Seraph"
2024-07-02,Finesse,"Iblis, Blade of the Fallen Seraph"
2024-07-02,Jetrho,Kingsfall
2024-07-02,Abusementprk,Kiss of the Spider
2024-07-02,Checkursix,Kiss of the Spider
2024-07-02,Dripstyle,Kiss of the Spider
2024-07-02,Feq,Kiss of the Spider
2024-07-02,Glad,Kiss of the Spider
2024-07-02,Glad,Kiss of the Spider
2024-07-02,Nineteenhc,Kiss of the Spider
2024-07-02,Nineteenhc,Kiss of the Spider
2024-07-02,Pogg,Kiss of the Spider
2024-07-02,Rickytanx,Kiss of the Spider
2024-07-02,Ruug,Leggings of Apocalypse
2024-07-02,Supgap,Leggings of Polarity
2024-07-02,Feq,Legplates of Carnage
2024-07-02,Ábrams,Legplates of Carnage
2024-07-02,Abusementprk,Might of the Scourge
2024-07-02,Rootz,Necklace of Necropsy
2024-07-02,Alpineeyy,Nerubian Slavemaker
2024-07-02,Bli,Nerubian Slavemaker
2024-07-02,Impax,Power of the Scourge
2024-07-02,Skiiska,Rime Covered Mantle
2024-07-02,Rootz,Sadist's Collar
2024-07-02,Bojjo,Sapphiron's Left Eye
2024-07-02,Pandaheals,Sapphiron's Right Eye
2024-07-02,Bojjo,Seal of the Damned
2024-07-02,Alpineeyy,Shroud of Dominion
2024-07-02,Mistaveeb,Shroud of Dominion
2024-07-02,Jetrho,Slayer's Crest
2024-07-02,Pogg,Slayer's Crest
2024-07-02,Ruug,Slayer's Crest
2024-07-02,Spectral,Slayer's Crest
2024-07-02,Vanishh,Slayer's Crest
2024-07-02,Aleice,Stormrage's Talisman of Seething
2024-07-02,Arizana,Stormrage's Talisman of Seething
2024-07-02,Microgodx,Stormrage's Talisman of Seething
2024-07-02,Mistaveeb,Stormrage's Talisman of Seething
2024-07-02,Ábrams,Stormrage's Talisman of Seething
2024-07-02,Aleice,The Castigator
2024-07-02,Critzmcgee,The Castigator
2024-07-02,Toxicalover,The Castigator
2024-07-02,Spectral,The Phylactery of Kel'Thuzad
2024-07-02,Burkinn,The Restrained Essence of Sapphiron
2024-07-02,Burkinn,The Restrained Essence of Sapphiron
2024-07-02,Prunes,The Restrained Essence of Sapphiron
2024-07-02,Supgap,The Restrained Essence of Sapphiron
2024-07-02,Waumbek,The Restrained Essence of Sapphiron
2024-07-02,Branremix,The Widow's Embrace
2024-07-02,Gome,Wand of Fates
2024-07-02,Gome,Wand of Fates
2024-07-02,Pandaheals,Wand of the Whispering Dead
2024-07-02,Haddock,Wraith Blade
2024-07-02,Arizana,Wristguards of Vengeance
2025-01-28,Greybush,Band of Unanswered Prayers
2025-01-28,Burkarms,Band of Unnatural Forces
2025-01-28,Dilph,Band of Unnatural Forces
2025-01-28,Vida,Cloak of the Necropolis
2025-01-28,Onefiftyone,Crystal Webbed Robe
2025-01-28,Huxx,Desecrated Legplates
2025-01-28,Huxx,Desecrated Pauldrons
2025-01-28,Banger,Desecrated Robe
2025-01-28,Juka,Desecrated Robe
2025-01-28,Banger,Desecrated Shoulderpads
2025-01-28,Skiiska,Doomfinger
2025-01-28,Arizana,Eye of the Dead
2025-01-28,Gaussxd,Eye of the Dead
2025-01-28,Gaussxd,Eye of the Dead
2025-01-28,Rootz,Eye of the Dead
2025-01-28,Burkarms,Girdle of the Mentor
2025-01-28,Knumb,Girdle of the Mentor
2025-01-28,Lebronjames,Girdle of the Mentor
2025-01-28,Greybush,Hammer of the Twisting Nether
2025-01-28,Pogg,"Iblis, Blade of the Fallen Seraph"
2025-01-28,Rusti,"Iblis, Blade of the Fallen Seraph"
2025-01-28,Alpineey,Kiss of the Spider
2025-01-28,Alpineey,Kiss of the Spider
2025-01-28,Glad,Kiss of the Spider
2025-01-28,Glad,Kiss of the Spider
2025-01-28,Rusti,Kiss of the Spider
2025-01-28,Zosokid,Kiss of the Spider
2025-01-28,Jetrho,Leggings of Apocalypse
2025-01-28,Uwudaddy,Leggings of Polarity
2025-01-28,Abusementprk,Legplates of Carnage
2025-01-28,Dilph,Legplates of Carnage
2025-01-28,Madder,Legplates of Carnage
2025-01-28,Feq,Might of the Scourge
2025-01-28,Balurn,Misplaced Servo Arm
2025-01-28,Arizana,Necklace of Necropsy
2025-01-28,Bli,Necklace of Necropsy
2025-01-28,Bli,Necklace of Necropsy
2025-01-28,Pogg,Nerubian Slavemaker
2025-01-28,Onefiftyone,Preceptor's Hat
2025-01-28,Checkursix,Shroud of Dominion
2025-01-28,Jetrho,Shroud of Dominion
2025-01-28,Mistaveeb,Shroud of Dominion
2025-01-28,Vexhunt,Shroud of Dominion
2025-01-28,Vexhunt,Shroud of Dominion
2025-01-28,Lebronjames,Slayer's Crest
2025-01-28,Mistaveeb,Slayer's Crest
2025-01-28,Rootz,Slayer's Crest
2025-01-28,Zosokid,Slayer's Crest
2025-01-28,Abusementprk,Stormrage's Talisman of Seething
2025-01-28,Checkursix,Stormrage's Talisman of Seething
2025-01-28,Balurn,The Castigator
2025-01-28,Madder,The Castigator
2025-01-28,Knumb,The Face of Death
2025-01-28,Donzonæq,The Restrained Essence of Sapphiron
2025-01-28,Donzonæq,The Restrained Essence of Sapphiron
2025-01-28,Hegrid,The Restrained Essence of Sapphiron
2025-01-28,Hegrid,The Restrained Essence of Sapphiron
2025-01-28,Uwudaddy,The Restrained Essence of Sapphiron
2025-01-28,Skiiska,The Soul Harvester's Bindings
2025-01-28,Juka,Wraith Blade
2025-01-28,Vida,Wraith Blade
2025-01-28,Feq,Wristguards of Vengeance
2025-07-29,Illadelph,Band of Unanswered Prayers
2025-07-29,Illadelph,Band of Unanswered Prayers
2025-07-29,Thorgenie,Band of Unnatural Forces
2025-07-29,Thorgenie,Band of Unnatural Forces
2025-07-29,Deadcoiles,Band of the Inevitable
2025-07-29,Badhygiene,Cloak of the Necropolis
2025-07-29,Badhygiene,Cloak of the Necropolis
2025-07-29,Kushcloud,Cloak of the Necropolis
2025-07-29,Mandraky,Cloak of the Necropolis
2025-07-29,Bravesrrobin,Eye of the Dead
2025-07-29,Bravesrrobin,Eye of the Dead
2025-07-29,Briseis,Eye of the Dead
2025-07-29,Darkwings,Eye of the Dead
2025-07-29,Greybush,Eye of the Dead
2025-07-29,Greybush,Eye of the Dead
2025-07-29,Microgodx,Ghoul Skin Tunic
2025-07-29,Andragan,Girdle of the Mentor
2025-07-29,Andragan,Girdle of the Mentor
2025-07-29,Ares,Girdle of the Mentor
2025-07-29,Torreypines,Girdle of the Mentor
2025-07-29,Darkwings,Hammer of the Twisting Nether
2025-07-29,Numbrodos,Hammer of the Twisting Nether
2025-07-29,Feq,Hatchet of Sundered Bone
2025-07-29,Jhonytank,"Iblis, Blade of the Fallen Seraph"
2025-07-29,Rustialt,"Iblis, Blade of the Fallen Seraph"
2025-07-29,Zosokid,"Iblis, Blade of the Fallen Seraph"
2025-07-29,Jhonytank,Kingsfall
2025-07-29,Dilphiv,Kiss of the Spider
2025-07-29,Dwamasama,Kiss of the Spider
2025-07-29,Huxli,Kiss of the Spider
2025-07-29,Huxli,Kiss of the Spider
2025-07-29,Microgodx,Kiss of the Spider
2025-07-29,Zosokid,Kiss of the Spider
2025-07-29,Abusementprk,Legplates of Carnage
2025-07-29,Mesmasshuu,Legplates of Carnage
2025-07-29,Torreypines,Legplates of Carnage
2025-07-29,Healsniper,Libram of Light
2025-07-29,Ares,Might of the Scourge
2025-07-29,Madder,Might of the Scourge
2025-07-29,Bankaigodx,Misplaced Servo Arm
2025-07-29,Abusementprk,Nerubian Slavemaker
2025-07-29,Meco,Nerubian Slavemaker
2025-07-29,Meco,Nerubian Slavemaker
2025-07-29,Toxicalover,Nerubian Slavemaker
2025-07-29,Toxicalover,Nerubian Slavemaker
2025-07-29,Dwamasama,Plated Abomination Ribcage
2025-07-29,Mesmasshuu,Plated Abomination Ribcage
2025-07-29,Michaelre,Plated Abomination Ribcage
2025-07-29,Skiiska,Resilience of the Scourge
2025-07-29,Skiiska,Resilience of the Scourge
2025-07-29,Trine,Sapphiron's Left Eye
2025-07-29,Healsniper,Shield of Condemnation
2025-07-29,Igkidkyuubi,Shroud of Dominion
2025-07-29,Bankaigodx,Slayer's Crest
2025-07-29,Glad,Slayer's Crest
2025-07-29,Glad,Slayer's Crest
2025-07-29,Madder,Slayer's Crest
2025-07-29,Vanthur,Slayer's Crest
2025-07-29,Igkidkyuubi,Stormrage's Talisman of Seething
2025-07-29,Vanthur,Stormrage's Talisman of Seething
2025-07-29,Dilphiv,The Castigator
2025-07-29,Michaelre,The Castigator
2025-07-29,Rustialt,The Castigator
2025-07-29,Feq,The Face of Death
2025-07-29,Briseis,The Restrained Essence of Sapphiron
2025-07-29,Chimpsmage,The Restrained Essence of Sapphiron
2025-07-29,Kurdinn,The Restrained Essence of Sapphiron
2025-07-29,Kurdinn,The Restrained Essence of Sapphiron
2025-07-29,Kushcloud,The Restrained Essence of Sapphiron
2025-07-29,Mandraky,The Restrained Essence of Sapphiron
2025-07-29,Numbrodos,The Restrained Essence of Sapphiron
2025-07-29,Onefiftyone,The Restrained Essence of Sapphiron
2025-07-29,Onefiftyone,The Restrained Essence of Sapphiron
2025-07-29,Trine,The Restrained Essence of Sapphiron
2025-07-29,Deadcoiles,Wand of Fates
2025-07-29,Chimpsmage,Wraith Blade
2025-12-09,Ephiny,Band of Unanswered Prayers
2025-12-09,Buhf,Band of Unnatural Forces
2025-12-09,Lornauarcos,Band of Unnatural Forces
2025-12-09,Macthorson,Band of Unnatural Forces
2025-12-09,Ubërzealot,Brimstone Staff
2025-12-09,Holyslut,Cloak of Suturing
2025-12-09,Deadcoiles,Cloak of the Necropolis
2025-12-09,Hucks,Cloak of the Necropolis
2025-12-09,Solidsmtx,Corrupted Ashbringer
2025-12-09,Caluward,Desecrated Circlet
2025-12-09,Enormous,Desecrated Sandals
2025-12-09,Hucks,Desecrated Tunic
2025-12-09,Abusementprk,Eye of the Dead
2025-12-09,Bispriest,Eye of the Dead
2025-12-09,Healsniper,Eye of the Dead
2025-12-09,Gaussxd,Gem of Trapped Innocents
2025-12-09,Dilphiv,Girdle of the Mentor
2025-12-09,Egoes,Girdle of the Mentor
2025-12-09,Mlb,Girdle of the Mentor
2025-12-09,Aberria,Hammer of the Twisting Nether
2025-12-09,Ephiny,Hammer of the Twisting Nether
2025-12-09,Griezman,Hammer of the Twisting Nether
2025-12-09,Healsniper,Hammer of the Twisting Nether
2025-12-09,Lalmoriel,Hammer of the Twisting Nether
2025-12-09,Lxt,Hatchet of Sundered Bone
2025-12-09,Anticide,"Iblis, Blade of the Fallen Seraph"
2025-12-09,Sam,"Iblis, Blade of the Fallen Seraph"
2025-12-09,Anticide,Kiss of the Spider
2025-12-09,Buhf,Kiss of the Spider
2025-12-09,Deathwishh,Kiss of the Spider
2025-12-09,Moonee,Kiss of the Spider
2025-12-09,Nomerdva,Kiss of the Spider
2025-12-09,Uwudaddy,Leggings of Polarity
2025-12-09,Deathwishh,Legplates of Carnage
2025-12-09,Macthorson,Legplates of Carnage
2025-12-09,Moonee,Legplates of Carnage
2025-12-09,Nomerdva,Legplates of Carnage
2025-12-09,Solidsmtx,Legplates of Carnage
2025-12-09,Griezman,Libram of Light
2025-12-09,Zosokid,Might of the Scourge
2025-12-09,Abusementprk,Nerubian Slavemaker
2025-12-09,Donzon,Nerubian Slavemaker
2025-12-09,Donzon,Nerubian Slavemaker
2025-12-09,Dwamasama,Nerubian Slavemaker
2025-12-09,Glad,Nerubian Slavemaker
2025-12-09,Strafed,Nerubian Slavemaker
2025-12-09,Strafed,Nerubian Slavemaker
2025-12-09,Dragon,Power of the Scourge
2025-12-09,Enormous,Sapphiron's Left Eye
2025-12-09,Bispriest,Sapphiron's Right Eye
2025-12-09,Dragon,Seal of the Damned
2025-12-09,Dwamasama,Shroud of Dominion
2025-12-09,Glad,Shroud of Dominion
2025-12-09,Dilphiv,Slayer's Crest
2025-12-09,Lornauarcos,Slayer's Crest
2025-12-09,Madder,Slayer's Crest
2025-12-09,Madder,Slayer's Crest
2025-12-09,Slout,Slayer's Crest
2025-12-09,Zosokid,Slayer's Crest
2025-12-09,Slout,Stormrage's Talisman of Seething
2025-12-09,Egoes,The Phylactery of Kel'Thuzad
2025-12-09,Deadcoiles,The Restrained Essence of Sapphiron
2025-12-09,Gaussxd,The Restrained Essence of Sapphiron
2025-12-09,Trine,The Restrained Essence of Sapphiron
2025-12-09,Trine,The Restrained Essence of Sapphiron
2025-12-09,Uwudaddy,The Restrained Essence of Sapphiron
2025-12-09,Kushcloud,The Soul Harvester's Bindings
2025-12-09,Kushcloud,The Soul Harvester's Bindings
2025-12-09,Holyslut,The Widow's Embrace
2025-12-09,Lalmoriel,The Widow's Embrace
2025-12-09,Aberria,Wand of the Whispering Dead
2025-12-09,Caluward,Wand of the Whispering Dead
2025-12-09,Sam,Widow's Remorse
2025-12-09,Ubërzealot,Wraith Blade
2025-12-09,Lxt,Wristguards of Vengeance
2025-12-09,Mlb,Wristguards of Vengeance
2023-10-03,Farquaad,Band of Reanimation
2023-10-03,Nabdru,Band of Reanimation
2023-10-03,Cosmicheals,Band of Unanswered Prayers
2023-10-03,Thurgood,Band of Unanswered Prayers
2023-10-03,Locope,Band of Unnatural Forces
2023-10-03,Briseis,Band of the Inevitable
2023-10-03,Gandal,Band of the Inevitable
2023-10-03,Eronimo,Brimstone Staff
2023-10-03,Integrity,Cloak of Suturing
2023-10-03,Thurgood,Cloak of Suturing
2023-10-03,Rootz,Cloak of the Scourge
2023-10-03,Waumbek,Death's Bargain
2023-10-03,Mainevent,Desecrated Belt
2023-10-03,Saacon,Desecrated Belt
2023-10-03,Baldbro,Desecrated Boots
2023-10-03,Farquaad,Desecrated Boots
2023-10-03,Waumbek,Desecrated Boots
2023-10-03,Azzereth,Desecrated Circlet
2023-10-03,Eronimo,Desecrated Circlet
2023-10-03,Accrohaizaa,Desecrated Headpiece
2023-10-03,Baldbro,Desecrated Headpiece
2023-10-03,Zepii,Desecrated Headpiece
2023-10-03,Mainevent,Desecrated Leggings
2023-10-03,Accrohaizaa,Desecrated Legguards
2023-10-03,Saacon,Desecrated Sandals
2023-10-03,Gome,Desecrated Shoulderpads
2023-10-03,Reindart,Desecrated Spaulders
2023-10-03,Zepii,Desecrated Spaulders
2023-10-03,Nabdru,Ghoul Skin Tunic
2023-10-03,Mictlantecuh,Girdle of the Mentor
2023-10-03,Tont,Girdle of the Mentor
2023-10-03,Falariss,Harbinger of Doom
2023-10-03,Mictlantecuh,Hatchet of Sundered Bone
2023-10-03,Paendrag,Hatchet of Sundered Bone
2023-10-03,Zenz,Hatchet of Sundered Bone
2023-10-03,Dinoblunt,"Iblis, Blade of the Fallen Seraph"
2023-10-03,Ava,Kiss of the Spider
2023-10-03,Ava,Kiss of the Spider
2023-10-03,Branremix,Kiss of the Spider
2023-10-03,Cleavadge,Kiss of the Spider
2023-10-03,Mcballs,Kiss of the Spider
2023-10-03,Rickytan,Kiss of the Spider
2023-10-03,Rootz,Kiss of the Spider
2023-10-03,Gome,Leggings of Polarity
2023-10-03,Joobiejablon,Leggings of Polarity
2023-10-03,Locope,Legplates of Carnage
2023-10-03,Airz,Libram of Light
2023-10-03,Falariss,Maexxna's Fang
2023-10-03,Kurdinn,Midnight Haze
2023-10-03,Pogg,Misplaced Servo Arm
2023-10-03,Rickytan,Misplaced Servo Arm
2023-10-03,Bethaylorn,Plated Abomination Ribcage
2023-10-03,Dinoblunt,Plated Abomination Ribcage
2023-10-03,Mistaveeb,Plated Abomination Ribcage
2023-10-03,Gandal,Preceptor's Hat
2023-10-03,Audem,Rime Covered Mantle
2023-10-03,Briseis,Rime Covered Mantle
2023-10-03,Paendrag,Sadist's Collar
2023-10-03,Cosmicheals,Spire of Twilight
2023-10-03,Mcballs,The Castigator
2023-10-03,Mistaveeb,The Castigator
2023-10-03,Pogg,The Castigator
2023-10-03,Zenz,The Castigator
2023-10-03,Kurdinn,The End of Dreams
2023-10-03,Airz,The Widow's Embrace
2023-10-03,Reindart,The Widow's Embrace
2023-10-03,Hegrid,Wand of Fates
2023-10-03,Hegrid,Wand of Fates
2023-10-03,Uwudaddy,Wand of Fates
2023-10-03,Branremix,Widow's Remorse
2023-10-03,Tont,Widow's Remorse
2023-10-03,Audem,Wraith Blade
2023-10-03,Azzereth,Wraith Blade
2023-10-03,Integrity,Wraith Blade
2023-10-03,Joobiejablon,Wraith Blade
2023-10-03,Uwudaddy,Wraith Blade
2023-10-03,Bethaylorn,Wristguards of Vengeance
2023-10-03,Bli,Wristguards of Vengeance
2023-10-03,Bli,Wristguards of Vengeance
2023-10-03,Cleavadge,Wristguards of Vengeance
2024-12-17,Zëro,Band of Unanswered Prayers
2024-12-17,Branremix,Band of Unnatural Forces
2024-12-17,Feq,Band of Unnatural Forces
2024-12-17,Knumb,Band of Unnatural Forces
2024-12-17,Mlb,Band of Unnatural Forces
2024-12-17,Emann,Cloak of Suturing
2024-12-17,Thadiusz,Cloak of Suturing
2024-12-17,Donzonæq,Cloak of the Necropolis
2024-12-17,Snugsafe,Desecrated Leggings
2024-12-17,Emann,Desecrated Robe
2024-12-17,Snugsafe,Desecrated Robe
2024-12-17,Arizana,Eye of the Dead
2024-12-17,Bli,Eye of the Dead
2024-12-17,Rootz,Eye of the Dead
2024-12-17,Chimpsmage,Gem of Trapped Innocents
2024-12-17,Selenee,Ghoul Skin Tunic
2024-12-17,Knumb,Girdle of the Mentor
2024-12-17,Michaelre,Girdle of the Mentor
2024-12-17,Shaala,Hammer of the Twisting Nether
2024-12-17,Spacepump,Hammer of the Twisting Nether
2024-12-17,Spacepump,Hammer of the Twisting Nether
2024-12-17,Thadiusz,Hammer of the Twisting Nether
2024-12-17,Zëro,Hammer of the Twisting Nether
2024-12-17,Jhonytank,"Iblis, Blade of the Fallen Seraph"
2024-12-17,Yâng,"Iblis, Blade of the Fallen Seraph"
2024-12-17,Aurel,Kingsfall
2024-12-17,Checkursix,Kingsfall
2024-12-17,Rogue,"Gressil, Dawn of Ruin"
2024-12-17,Alpineey,Kiss of the Spider
2024-12-17,Checkursix,Kiss of the Spider
2024-12-17,Finesse,Kiss of the Spider
2024-12-17,Finesse,Kiss of the Spider
2024-12-17,Glad,Kiss of the Spider
2024-12-17,Glad,Kiss of the Spider
2024-12-17,Microgodx,Kiss of the Spider
2024-12-17,Spach,Kiss of the Spider
2024-12-17,Feq,Leggings of Apocalypse
2024-12-17,Shaala,Leggings of Apocalypse
2024-12-17,Briseis,Leggings of Polarity
2024-12-17,Skiiska,Leggings of Polarity
2024-12-17,Abusementprk,Legplates of Carnage
2024-12-17,Frostiwarr,Legplates of Carnage
2024-12-17,Bli,Might of Menethil
2024-12-17,Airz,Might of the Scourge
2024-12-17,Aurel,Might of the Scourge
2024-12-17,Arizana,Necklace of Necropsy
2024-12-17,Abusementprk,Nerubian Slavemaker
2024-12-17,Rogue,"Gressil, Dawn of Ruin"
2024-12-17,Jhonytank,Plated Abomination Ribcage
2024-12-17,Welldruid,Sadist's Collar
2024-12-17,Trine,Sapphiron's Left Eye
2024-12-17,Welldruid,Sapphiron's Right Eye
2024-12-17,Skiiska,Seal of the Damned
2024-12-17,Mistaveeb,Shroud of Dominion
2024-12-17,Vexhunt,Shroud of Dominion
2024-12-17,Branremix,Slayer's Crest
2024-12-17,Mistaveeb,Slayer's Crest
2024-12-17,Rootz,Slayer's Crest
2024-12-17,Spach,Slayer's Crest
2024-12-17,Toxicalover,Slayer's Crest
2024-12-17,Vexhunt,Slayer's Crest
2024-12-17,Airz,Stormrage's Talisman of Seething
2024-12-17,Alpineey,Stormrage's Talisman of Seething
2024-12-17,Michaelre,Stormrage's Talisman of Seething
2024-12-17,Microgodx,Stormrage's Talisman of Seething
2024-12-17,Frostiwarr,The Castigator
2024-12-17,Mlb,The Castigator
2024-12-17,Yâng,The Castigator
2024-12-17,Briseis,The Restrained Essence of Sapphiron
2024-12-17,Burkinn,The Restrained Essence of Sapphiron
2024-12-17,Burkinn,The Restrained Essence of Sapphiron
2024-12-17,Chimpsmage,The Restrained Essence of Sapphiron
2024-12-17,Donzonæq,The Restrained Essence of Sapphiron
2024-12-17,Trine,The Restrained Essence of Sapphiron
2024-12-17,Selenee,Wristguards of Vengeance
2024-12-17,Toxicalover,Wristguards of Vengeance
2025-04-08,Gandal,Band of Unanswered Prayers
2025-04-08,Arizana,Band of Unnatural Forces
2025-04-08,Donfrye,Band of Unnatural Forces
2025-04-08,Jetrho,Band of Unnatural Forces
2025-04-08,Slashi,Band of Unnatural Forces
2025-04-08,Bankaigodx,Bonescythe Ring
2025-04-08,Mazec,Cloak of the Necropolis
2025-04-08,Novely,Desecrated Headpiece
2025-04-08,Kushcloud,Doomfinger
2025-04-08,Arizana,Eye of the Dead
2025-04-08,Briseis,Eye of the Dead
2025-04-08,Holyfist,Eye of the Dead
2025-04-08,Illadelph,Eye of the Dead
2025-04-08,Illadelph,Eye of the Dead
2025-04-08,Valoriwar,Ghoul Skin Tunic
2025-04-08,Feq,Girdle of the Mentor
2025-04-08,Madder,Girdle of the Mentor
2025-04-08,Reciprocate,Hammer of the Twisting Nether
2025-04-08,Valoriwar,Hatchet of Sundered Bone
2025-04-08,Ghili,"Iblis, Blade of the Fallen Seraph"
2025-04-08,Huxx,"Iblis, Blade of the Fallen Seraph"
2025-04-08,Nomerdva,"Iblis, Blade of the Fallen Seraph"
2025-04-08,Saladbalding,"Iblis, Blade of the Fallen Seraph"
2025-04-08,Torreypines,"Iblis, Blade of the Fallen Seraph"
2025-04-08,Bankaigodx,Kingsfall
2025-04-08,Huxx,Kiss of the Spider
2025-04-08,Madder,Kiss of the Spider
2025-04-08,Mictlantecuh,Kiss of the Spider
2025-04-08,Mictlantecuh,Kiss of the Spider
2025-04-08,Rusti,Kiss of the Spider
2025-04-08,Rusti,Kiss of the Spider
2025-04-08,Torreypines,Kiss of the Spider
2025-04-08,Jetrho,Leggings of Apocalypse
2025-04-08,Saladbalding,Leggings of Apocalypse
2025-04-08,Gandal,Leggings of Polarity
2025-04-08,Uwudaddy,Leggings of Polarity
2025-04-08,Abusementprk,Legplates of Carnage
2025-04-08,Glad,Legplates of Carnage
2025-04-08,Ghili,Might of the Scourge
2025-04-08,Aile,Misplaced Servo Arm
2025-04-08,Bli,Necklace of Necropsy
2025-04-08,Bli,Necklace of Necropsy
2025-04-08,Aile,Nerubian Slavemaker
2025-04-08,Mistaveeb,Nerubian Slavemaker
2025-04-08,Mistaveeb,Nerubian Slavemaker
2025-04-08,Novely,Nerubian Slavemaker
2025-04-08,Sunderzz,Plated Abomination Ribcage
2025-04-08,Greybush,Resilience of the Scourge
2025-04-08,Chimpsmage,Rime Covered Mantle
2025-04-08,Greybush,Ring of Faith
2025-04-08,Dionefastrgf,Sapphiron's Left Eye
2025-04-08,Dionefastrgf,Sapphiron's Left Eye
2025-04-08,Ljiangjun,Sapphiron's Left Eye
2025-04-08,Abusementprk,Shroud of Dominion
2025-04-08,Alpineey,Shroud of Dominion
2025-04-08,Slashi,Shroud of Dominion
2025-04-08,Donfrye,Slayer's Crest
2025-04-08,Glad,Slayer's Crest
2025-04-08,Thorgena,Slayer's Crest
2025-04-08,Zosokid,Slayer's Crest
2025-04-08,Ljiangjun,Soulseeker
2025-04-08,Sunderzz,Soulstring
2025-04-08,Alpineey,Stormrage's Talisman of Seething
2025-04-08,Feq,Stormrage's Talisman of Seething
2025-04-08,Thorgena,Stormrage's Talisman of Seething
2025-04-08,Zosokid,Stormrage's Talisman of Seething
2025-04-08,Nomerdva,The Castigator
2025-04-08,Briseis,The Restrained Essence of Sapphiron
2025-04-08,Chimpsmage,The Restrained Essence of Sapphiron
2025-04-08,Kurdinn,The Restrained Essence of Sapphiron
2025-04-08,Kushcloud,The Restrained Essence of Sapphiron
2025-04-08,Uwudaddy,The Restrained Essence of Sapphiron
2025-04-08,Holyfist,The Widow's Embrace
2025-04-08,Kurdinn,Wand of Fates
2025-04-08,Reciprocate,Widow's Remorse
2025-04-08,Mazec,Wraith Blade
2024-04-23,Spacepimp,Band of Unanswered Prayers
2024-04-23,Finesse,Band of Unnatural Forces
2024-04-23,Mictlantecuh,Band of Unnatural Forces
2024-04-23,Rootz,Band of Unnatural Forces
2024-04-23,Burkinn,Cloak of the Necropolis
2024-04-23,Stickyricky,Cloak of the Necropolis
2024-04-23,Nearl,Cloak of the Scourge
2024-04-23,Waumbek,Cryptfiend Silk Cloak
2024-04-23,Supgap,Crystal Webbed Robe
2024-04-23,Burkinn,Desecrated Robe
2024-04-23,Jensin,Desecrated Robe
2024-04-23,Otokoneko,Desecrated Robe
2024-04-23,Brislis,Eye of the Dead
2024-04-23,Gandal,Eye of the Dead
2024-04-23,Shaala,Eye of the Dead
2024-04-23,Dinoblunt,Girdle of the Mentor
2024-04-23,Glad,Girdle of the Mentor
2024-04-23,Pogg,Girdle of the Mentor
2024-04-23,Arizana,Hammer of the Twisting Nether
2024-04-23,Bli,Hammer of the Twisting Nether
2024-04-23,Bli,Hammer of the Twisting Nether
2024-04-23,Otokoneko,Hammer of the Twisting Nether
2024-04-23,Shaala,Hammer of the Twisting Nether
2024-04-23,Spacepimp,Hammer of the Twisting Nether
2024-04-23,Aleice,"Iblis, Blade of the Fallen Seraph"
2024-04-23,Checkursix,"Iblis, Blade of the Fallen Seraph"
2024-04-23,Spach,"Iblis, Blade of the Fallen Seraph"
2024-04-23,Nearl,Kingsfall
2024-04-23,Alpineey,Kiss of the Spider
2024-04-23,Checkursix,Kiss of the Spider
2024-04-23,Chims,Kiss of the Spider
2024-04-23,Chims,Kiss of the Spider
2024-04-23,Dinoblunt,Kiss of the Spider
2024-04-23,Mcballs,Kiss of the Spider
2024-04-23,Rickytanx,Kiss of the Spider
2024-04-23,Zongas,Kiss of the Spider
2024-04-23,Antimercy,Leggings of Polarity
2024-04-23,Bojjo,Leggings of Polarity
2024-04-23,Ábrams,Legplates of Carnage
2024-04-23,Arizana,Might of Menethil
2024-04-23,Waumbek,Might of Menethil
2024-04-23,Ruug,Might of the Scourge
2024-04-23,Ábrams,Might of the Scourge
2024-04-23,Jetrho,Nerubian Slavemaker
2024-04-23,Alpineey,Plated Abomination Ribcage
2024-04-23,Gome,Preceptor's Hat
2024-04-23,Antimercy,Rime Covered Mantle
2024-04-23,Stickyricky,Rime Covered Mantle
2024-04-23,Impax,Sapphiron's Left Eye
2024-04-23,Uwudaddy,Sapphiron's Left Eye
2024-04-23,Jensin,Sapphiron's Right Eye
2024-04-23,Dirtydëëds,Shroud of Dominion
2024-04-23,Dirtydëëds,Shroud of Dominion
2024-04-23,Mistaveeb,Shroud of Dominion
2024-04-23,Mcballs,Slayer's Crest
2024-04-23,Nineteenhc,Slayer's Crest
2024-04-23,Nineteenhc,Slayer's Crest
2024-04-23,Pogg,Slayer's Crest
2024-04-23,Ruug,Slayer's Crest
2024-04-23,Supgap,Soulseeker
2024-04-23,Gome,Staff Head of Atiesh
2024-04-23,Mictlantecuh,Stormrage's Talisman of Seething
2024-04-23,Mistaveeb,Stormrage's Talisman of Seething
2024-04-23,Rootz,Stormrage's Talisman of Seething
2024-04-23,Aleice,The Castigator
2024-04-23,Finesse,The Castigator
2024-04-23,Glad,The Castigator
2024-04-23,Jetrho,The Phylactery of Kel'Thuzad
2024-04-23,Zongas,The Phylactery of Kel'Thuzad
2024-04-23,Brislis,The Restrained Essence of Sapphiron
2024-04-23,Impax,The Restrained Essence of Sapphiron
2024-04-23,Bojjo,The Soul Harvester's Bindings
2024-04-23,Gandal,Veil of Eclipse
2024-04-23,Uwudaddy,Wand of Fates
2024-04-23,Skiiska,Wand of the Whispering Dead
2024-04-23,Skiiska,Wand of the Whispering Dead
2024-04-23,Spach,Widow's Remorse
2024-04-23,Rickytanx,Wristguards of Vengeance
2024-09-17,Reciprocate,Band of Unanswered Prayers
2024-09-17,Feq,Band of Unnatural Forces
2024-09-17,Glad,Band of Unnatural Forces
2024-09-17,Vanishh,Band of Unnatural Forces
2024-09-17,Ábrams,Band of Unnatural Forces
2024-09-17,Gugsx,Claw of the Frost Wyrm
2024-09-17,Rootz,Cloak of Suturing
2024-09-17,Donzonæq,Cloak of the Necropolis
2024-09-17,Uwudaddy,Cloak of the Necropolis
2024-09-17,Dwarfward,Desecrated Gloves
2024-09-17,Skiiska,Doomfinger
2024-09-17,Anaomil,Eye of the Dead
2024-09-17,Bli,Eye of the Dead
2024-09-17,Bli,Eye of the Dead
2024-09-17,Mistav,Eye of the Dead
2024-09-17,Nanahuatzin,Eye of the Dead
2024-09-17,Shaala,Eye of the Dead
2024-09-17,Shaala,Eye of the Dead
2024-09-17,Nineteenhc,Girdle of the Mentor
2024-09-17,Impax,Hailstone Band
2024-09-17,Impax,Hailstone Band
2024-09-17,Burkhealz,Hammer of the Twisting Nether
2024-09-17,Mistav,Hammer of the Twisting Nether
2024-09-17,Nanahuatzin,Hammer of the Twisting Nether
2024-09-17,Yasuke,Hatchet of Sundered Bone
2024-09-17,Finesse,"Iblis, Blade of the Fallen Seraph"
2024-09-17,Slashi,"Iblis, Blade of the Fallen Seraph"
2024-09-17,Checkursix,Kingsfall
2024-09-17,Slashi,Kingsfall
2024-09-17,Yasuke,Kingsfall
2024-09-17,Finesse,Kiss of the Spider
2024-09-17,Glad,Kiss of the Spider
2024-09-17,Pogg,Kiss of the Spider
2024-09-17,Rusti,Kiss of the Spider
2024-09-17,Toxicalover,Kiss of the Spider
2024-09-17,Chimpsmage,Leggings of Polarity
2024-09-17,Donzonæq,Leggings of Polarity
2024-09-17,Gandal,Leggings of Polarity
2024-09-17,Gandal,Leggings of Polarity
2024-09-17,Trine,Leggings of Polarity
2024-09-17,Bethaylorn,Legplates of Carnage
2024-09-17,Rusti,Legplates of Carnage
2024-09-17,Toxicalover,Legplates of Carnage
2024-09-17,Michaelre,Might of the Scourge
2024-09-17,Vanishh,Might of the Scourge
2024-09-17,Reciprocate,Misplaced Servo Arm
2024-09-17,Rootz,Necklace of Necropsy
2024-09-17,Bigpappa,Nerubian Slavemaker
2024-09-17,Nineteenhc,Plated Abomination Ribcage
2024-09-17,Dionefastrgf,Rime Covered Mantle
2024-09-17,Trine,Rime Covered Mantle
2024-09-17,Dwarfward,Ring of Faith
2024-09-17,Waumbek,Sapphiron's Left Eye
2024-09-17,Kurdinn,Seal of the Damned
2024-09-17,Anaomil,Shield of Condemnation
2024-09-17,Feq,Shroud of Dominion
2024-09-17,Michaelre,Shroud of Dominion
2024-09-17,Gugsx,Slayer's Crest
2024-09-17,Jetrho,Slayer's Crest
2024-09-17,Jetrho,Slayer's Crest
2024-09-17,Pogg,Slayer's Crest
2024-09-17,Saladblesing,Slayer's Crest
2024-09-17,Saladblesing,Slayer's Crest
2024-09-17,Abusementprk,Stormrage's Talisman of Seething
2024-09-17,Checkursix,Stormrage's Talisman of Seething
2024-09-17,Ábrams,Stormrage's Talisman of Seething
2024-09-17,Bethaylorn,The Castigator
2024-09-17,Pushw,The Castigator
2024-09-17,Bigpappa,The Phylactery of Kel'Thuzad
2024-09-17,Skiiska,The Phylactery of Kel'Thuzad
2024-09-17,Chimpsmage,The Restrained Essence of Sapphiron
2024-09-17,Dionefastrgf,The Restrained Essence of Sapphiron
2024-09-17,Kurdinn,The Restrained Essence of Sapphiron
2024-09-17,Uwudaddy,The Restrained Essence of Sapphiron
2024-09-17,Burkhealz,Wand of the Whispering Dead
2024-09-17,Waumbek,Wraith Blade
2024-09-17,Abusementprk,Wristguards of Vengeance
2024-09-17,Pushw,Wristguards of Vengeance
2024-08-13,Burkhealz,Band of Unanswered Prayers
2024-08-13,Alpineey,Band of Unnatural Forces
2024-08-13,Nineteenhc,Band of Unnatural Forces
2024-08-13,Vanishh,Band of Unnatural Forces
2024-08-13,Skiiska,Band of the Inevitable
2024-08-13,Maidenn,Cloak of Suturing
2024-08-13,Chimpsmage,Cloak of the Necropolis
2024-08-13,Waumbek,Cloak of the Necropolis
2024-08-13,Checkursix,Cloak of the Scourge
2024-08-13,Gandal,Doomfinger
2024-08-13,Airenna,Eye of the Dead
2024-08-13,Bli,Eye of the Dead
2024-08-13,Bli,Eye of the Dead
2024-08-13,Burkhealz,Eye of the Dead
2024-08-13,Lilanni,Eye of the Dead
2024-08-13,Lilcheeser,Eye of the Dead
2024-08-13,Shaala,Eye of the Dead
2024-08-13,Shaala,Eye of the Dead
2024-08-13,Chimpsmage,Gem of Trapped Innocents
2024-08-13,Airz,Girdle of the Mentor
2024-08-13,Donfrye,Girdle of the Mentor
2024-08-13,Mictlantecuh,Girdle of the Mentor
2024-08-13,Nineteenhc,Girdle of the Mentor
2024-08-13,Airz,Hammer of the Twisting Nether
2024-08-13,Branremix,Hammer of the Twisting Nether
2024-08-13,Lilanni,Hammer of the Twisting Nether
2024-08-13,Maidenn,Hammer of the Twisting Nether
2024-08-13,Saladblesing,Hammer of the Twisting Nether
2024-08-13,Yasuke,Hatchet of Sundered Bone
2024-08-13,Copecetic,"Iblis, Blade of the Fallen Seraph"
2024-08-13,Finesse,"Iblis, Blade of the Fallen Seraph"
2024-08-13,Copecetic,Kingsfall
2024-08-13,Gugsx,Kingsfall
2024-08-13,Checkursix,Kiss of the Spider
2024-08-13,Feq,Kiss of the Spider
2024-08-13,Feq,Kiss of the Spider
2024-08-13,Knumb,Kiss of the Spider
2024-08-13,Mictlantecuh,Kiss of the Spider
2024-08-13,Pogg,Kiss of the Spider
2024-08-13,Donzonæq,Leggings of Polarity
2024-08-13,Supgap,Leggings of Polarity
2024-08-13,Abráms,Legplates of Carnage
2024-08-13,Critzmcgee,Legplates of Carnage
2024-08-13,Knumb,Legplates of Carnage
2024-08-13,Lilcheeser,Libram of Light
2024-08-13,Impax,Loatheb's Reflection
2024-08-13,Finesse,Might of the Scourge
2024-08-13,Gugsx,Nerubian Slavemaker
2024-08-13,Saladblesing,Plated Abomination Ribcage
2024-08-13,Yasuke,Plated Abomination Ribcage
2024-08-13,Gome,Power of the Scourge
2024-08-13,Bojjo,Preceptor's Hat
2024-08-13,Donzonæq,Rime Covered Mantle
2024-08-13,Airenna,Ring of Faith
2024-08-13,Rootz,Sadist's Collar
2024-08-13,Bojjo,Sapphiron's Left Eye
2024-08-13,Kurdinn,Sapphiron's Right Eye
2024-08-13,Gome,Seal of the Damned
2024-08-13,Skiiska,Seal of the Damned
2024-08-13,Abusementprk,Shroud of Dominion
2024-08-13,Mistaveeb,Shroud of Dominion
2024-08-13,Donfrye,Slayer's Crest
2024-08-13,Jetrho,Slayer's Crest
2024-08-13,Jetrho,Slayer's Crest
2024-08-13,Pogg,Slayer's Crest
2024-08-13,Rootz,Slayer's Crest
2024-08-13,Vanishh,Slayer's Crest
2024-08-13,Abráms,Stormrage's Talisman of Seething
2024-08-13,Alpineey,Stormrage's Talisman of Seething
2024-08-13,Mistaveeb,Stormrage's Talisman of Seething
2024-08-13,Bethaylorn,The Castigator
2024-08-13,Critzmcgee,The Castigator
2024-08-13,Waumbek,The Phylactery of Kel'Thuzad
2024-08-13,Supgap,The Restrained Essence of Sapphiron
2024-08-13,Branremix,The Widow's Embrace
2024-08-13,Impax,Veil of Eclipse
2024-08-13,Gandal,Wand of Fates
2024-08-13,Kurdinn,Wand of Fates
2024-08-13,Abusementprk,Wristguards of Vengeance
2024-08-13,Bethaylorn,Wristguards of Vengeance
2025-04-29,Darkwings,Band of Unanswered Prayers
2025-04-29,Donfrye,Band of Unnatural Forces
2025-04-29,Donfrye,Band of Unnatural Forces
2025-04-29,Madder,Band of Unnatural Forces
2025-04-29,Novely,Band of Unnatural Forces
2025-04-29,Branremix,Cloak of Suturing
2025-04-29,Holyfist,Cloak of Suturing
2025-04-29,Chimpsmage,Cloak of the Necropolis
2025-04-29,Julios,Cloak of the Necropolis
2025-04-29,Kushcloud,Doomfinger
2025-04-29,Branremix,Eye of the Dead
2025-04-29,Briseis,Eye of the Dead
2025-04-29,Dwarfjessus,Eye of the Dead
2025-04-29,Illadelph,Eye of the Dead
2025-04-29,Illadelph,Eye of the Dead
2025-04-29,Reciprocate,Eye of the Dead
2025-04-29,Rootz,Eye of the Dead
2025-04-29,Thorgene,Eye of the Dead
2025-04-29,Thorgene,Eye of the Dead
2025-04-29,Feq,Girdle of the Mentor
2025-04-29,Glad,Girdle of the Mentor
2025-04-29,Dwarfjessus,Hammer of the Twisting Nether
2025-04-29,Holyfist,Hammer of the Twisting Nether
2025-04-29,Valoriwar,Hatchet of Sundered Bone
2025-04-29,Ghili,"Iblis, Blade of the Fallen Seraph"
2025-04-29,Saladbalding,"Iblis, Blade of the Fallen Seraph"
2025-04-29,Torreypines,"Iblis, Blade of the Fallen Seraph"
2025-04-29,Zosokid,"Iblis, Blade of the Fallen Seraph"
2025-04-29,Slashi,Kingsfall
2025-04-29,Avecz,Kiss of the Spider
2025-04-29,Madder,Kiss of the Spider
2025-04-29,Rusti,Kiss of the Spider
2025-04-29,Rusti,Kiss of the Spider
2025-04-29,Slashi,Kiss of the Spider
2025-04-29,Torreypines,Kiss of the Spider
2025-04-29,Xorkal,Kiss of the Spider
2025-04-29,Saladbalding,Leggings of Apocalypse
2025-04-29,Chimpsmage,Leggings of Polarity
2025-04-29,Abusementprk,Legplates of Carnage
2025-04-29,Huxli,Legplates of Carnage
2025-04-29,Numbrodos,Libram of Light
2025-04-29,Alpineey,Might of the Scourge
2025-04-29,Ghili,Might of the Scourge
2025-04-29,Aile,Misplaced Servo Arm
2025-04-29,Bli,Necklace of Necropsy
2025-04-29,Bli,Necklace of Necropsy
2025-04-29,Greybush,Necklace of Necropsy
2025-04-29,Reciprocate,Necklace of Necropsy
2025-04-29,Aile,Nerubian Slavemaker
2025-04-29,Mistaveeb,Nerubian Slavemaker
2025-04-29,Mistaveeb,Nerubian Slavemaker
2025-04-29,Greybush,Resilience of the Scourge
2025-04-29,Dionefastrgf,Sapphiron's Left Eye
2025-04-29,Dionefastrgf,Sapphiron's Left Eye
2025-04-29,Darkwings,Shield of Condemnation
2025-04-29,Abusementprk,Shroud of Dominion
2025-04-29,Avecz,Slayer's Crest
2025-04-29,Glad,Slayer's Crest
2025-04-29,Novely,Slayer's Crest
2025-04-29,Rootz,Slayer's Crest
2025-04-29,Xorkal,Slayer's Crest
2025-04-29,Valoriwar,Soulstring
2025-04-29,Alpineey,Stormrage's Talisman of Seething
2025-04-29,Feq,Stormrage's Talisman of Seething
2025-04-29,Zosokid,Stormrage's Talisman of Seething
2025-04-29,Huxli,The Castigator
2025-04-29,Briseis,The Restrained Essence of Sapphiron
2025-04-29,Donzonæq,The Restrained Essence of Sapphiron
2025-04-29,Donzonæq,The Restrained Essence of Sapphiron
2025-04-29,Kurdinn,The Restrained Essence of Sapphiron
2025-04-29,Kurdinn,The Restrained Essence of Sapphiron
2025-04-29,Kushcloud,The Restrained Essence of Sapphiron
2025-04-29,Numbrodos,The Restrained Essence of Sapphiron
2025-04-29,Julios,Wraith Blade
2025-12-02,Hucks,Band of Unanswered Prayers
2025-12-02,Ares,Band of Unnatural Forces
2025-12-02,Dilphiv,Band of Unnatural Forces
2025-12-02,Imag,Band of Unnatural Forces
2025-12-02,Macthorson,Band of Unnatural Forces
2025-12-02,Torreypines,Band of Unnatural Forces
2025-12-02,Calul,Cloak of the Necropolis
2025-12-02,Deadcoiles,Cloak of the Necropolis
2025-12-02,Solidsmtx,Corrupted Ashbringer
2025-12-02,Farmland,Doomfinger
2025-12-02,Abusementprk,Eye of the Dead
2025-12-02,Bispriest,Eye of the Dead
2025-12-02,Briseis,Eye of the Dead
2025-12-02,Grapedrink,Eye of the Dead
2025-12-02,Healsniper,Eye of the Dead
2025-12-02,Healsniper,Eye of the Dead
2025-12-02,Dragon,Gem of Trapped Innocents
2025-12-02,Gaussxd,Gem of Trapped Innocents
2025-12-02,Grapedrink,Ghoul Skin Tunic
2025-12-02,Ares,Girdle of the Mentor
2025-12-02,Gaping,Girdle of the Mentor
2025-12-02,Mictlantecuh,Girdle of the Mentor
2025-12-02,Mlb,Girdle of the Mentor
2025-12-02,Saladbalding,Girdle of the Mentor
2025-12-02,Aberria,Hammer of the Twisting Nether
2025-12-02,Anticide,"Iblis, Blade of the Fallen Seraph"
2025-12-02,Zosokid,"Iblis, Blade of the Fallen Seraph"
2025-12-02,Buhf,Kingsfall
2025-12-02,Anticide,Kiss of the Spider
2025-12-02,Buhf,Kiss of the Spider
2025-12-02,Deathwishh,Kiss of the Spider
2025-12-02,Hurb,Kiss of the Spider
2025-12-02,Hurb,Kiss of the Spider
2025-12-02,Imag,Kiss of the Spider
2025-12-02,Mcfarty,Kiss of the Spider
2025-12-02,Saladbalding,Kiss of the Spider
2025-12-02,Torreypines,Kiss of the Spider
2025-12-02,Dwamasama,Leggings of Apocalypse
2025-12-02,Andragan,Legplates of Carnage
2025-12-02,Andragan,Legplates of Carnage
2025-12-02,Deathwishh,Legplates of Carnage
2025-12-02,Macthorson,Legplates of Carnage
2025-12-02,Solidsmtx,Legplates of Carnage
2025-12-02,Dwamasama,Might of the Scourge
2025-12-02,Mcfarty,Might of the Scourge
2025-12-02,Abusementprk,Nerubian Slavemaker
2025-12-02,Donzon,Nerubian Slavemaker
2025-12-02,Donzon,Nerubian Slavemaker
2025-12-02,Glad,Nerubian Slavemaker
2025-12-02,Mictlantecuh,Nerubian Slavemaker
2025-12-02,Caluward,Ring of Faith
2025-12-02,Greybush,Sapphiron's Left Eye
2025-12-02,Bispriest,Sapphiron's Right Eye
2025-12-02,Dragon,Seal of the Damned
2025-12-02,Glad,Shroud of Dominion
2025-12-02,Dilphiv,Slayer's Crest
2025-12-02,Madder,Slayer's Crest
2025-12-02,Madder,Slayer's Crest
2025-12-02,Slout,Slayer's Crest
2025-12-02,Zosokid,Slayer's Crest
2025-12-02,Farmland,Soulseeker
2025-12-02,Hucks,Spire of Twilight
2025-12-02,Slout,Stormrage's Talisman of Seething
2025-12-02,Gaping,The Castigator
2025-12-02,Briseis,The Restrained Essence of Sapphiron
2025-12-02,Deadcoiles,The Restrained Essence of Sapphiron
2025-12-02,Gaussxd,The Restrained Essence of Sapphiron
2025-12-02,Greybush,The Restrained Essence of Sapphiron
2025-12-02,Numbrodos,The Restrained Essence of Sapphiron
2025-12-02,Numbrodos,The Restrained Essence of Sapphiron
2025-12-02,Kushcloud,The Soul Harvester's Bindings
2025-12-02,Kushcloud,The Soul Harvester's Bindings
2025-12-02,Aberria,Wand of the Whispering Dead
2025-12-02,Caluward,Wand of the Whispering Dead
2025-12-02,Calul,Wraith Blade
2025-12-02,Mlb,Wristguards of Vengeance
2025-03-18,Arizana,Band of Unnatural Forces
2025-03-18,Burkarms,Band of Unnatural Forces
2025-03-18,Glad,Band of Unnatural Forces
2025-03-18,Mcnasty,Band of Unnatural Forces
2025-03-18,Fwprovider,Cloak of Suturing
2025-03-18,Holyfist,Cloak of Suturing
2025-03-18,Dinothemage,Cloak of the Necropolis
2025-03-18,Branremix,Corrupted Ashbringer
2025-03-18,Arizana,Eye of the Dead
2025-03-18,Illadelph,Eye of the Dead
2025-03-18,Illadelph,Eye of the Dead
2025-03-18,Rootz,Eye of the Dead
2025-03-18,Feq,Girdle of the Mentor
2025-03-18,Knumb,Girdle of the Mentor
2025-03-18,Madder,Girdle of the Mentor
2025-03-18,Reciprocate,Hammer of the Twisting Nether
2025-03-18,Aile,Harbinger of Doom
2025-03-18,Valoriwar,Hatchet of Sundered Bone
2025-03-18,Huxx,"Iblis, Blade of the Fallen Seraph"
2025-03-18,Torreypines,"Iblis, Blade of the Fallen Seraph"
2025-03-18,Valoriwar,Kingsfall
2025-03-18,Ghili,Kiss of the Spider
2025-03-18,Ghili,Kiss of the Spider
2025-03-18,Huxx,Kiss of the Spider
2025-03-18,Madder,Kiss of the Spider
2025-03-18,Mictlantecuh,Kiss of the Spider
2025-03-18,Rusti,Kiss of the Spider
2025-03-18,Jetrho,Leggings of Apocalypse
2025-03-18,Sunderzz,Leggings of Apocalypse
2025-03-18,Briseis,Leggings of Polarity
2025-03-18,Abusementprk,Legplates of Carnage
2025-03-18,Alpineey,Legplates of Carnage
2025-03-18,Torreypines,Legplates of Carnage
2025-03-18,Numbrodos,Libram of Light
2025-03-18,Athek,Might of the Scourge
2025-03-18,Glad,Might of the Scourge
2025-03-18,Aile,Misplaced Servo Arm
2025-03-18,Bli,Necklace of Necropsy
2025-03-18,Bli,Necklace of Necropsy
2025-03-18,Novely,Nerubian Slavemaker
2025-03-18,Sunderzz,Nerubian Slavemaker
2025-03-18,Mcnasty,Plated Abomination Ribcage
2025-03-18,Dionefastrgf,Sapphiron's Left Eye
2025-03-18,Dionefastrgf,Sapphiron's Left Eye
2025-03-18,Kurdinn,Seal of the Damned
2025-03-18,Reciprocate,Shield of Condemnation
2025-03-18,Jetrho,Shroud of Dominion
2025-03-18,Mictlantecuh,Shroud of Dominion
2025-03-18,Branremix,Slayer's Crest
2025-03-18,Burkarms,Slayer's Crest
2025-03-18,Microgodx,Slayer's Crest
2025-03-18,Mistaveeb,Slayer's Crest
2025-03-18,Mistaveeb,Slayer's Crest
2025-03-18,Rootz,Slayer's Crest
2025-03-18,Rusti,Slayer's Crest
2025-03-18,Dinothemage,Soulseeker
2025-03-18,Abusementprk,Stormrage's Talisman of Seething
2025-03-18,Alpineey,Stormrage's Talisman of Seething
2025-03-18,Feq,Stormrage's Talisman of Seething
2025-03-18,Microgodx,Stormrage's Talisman of Seething
2025-03-18,Athek,The Castigator
2025-03-18,Novely,The Eye of Nerub
2025-03-18,Knumb,The Face of Death
2025-03-18,Briseis,The Restrained Essence of Sapphiron
2025-03-18,Donzonæq,The Restrained Essence of Sapphiron
2025-03-18,Donzonæq,The Restrained Essence of Sapphiron
2025-03-18,Kurdinn,The Restrained Essence of Sapphiron
2025-03-18,Kushcloud,The Restrained Essence of Sapphiron
2025-03-18,Kushcloud,The Restrained Essence of Sapphiron
2025-03-18,Numbrodos,The Restrained Essence of Sapphiron
2025-03-18,Holyfist,The Widow's Embrace
2025-03-18,Fwprovider,Wand of the Whispering Dead
2026-01-14,Andragan,Band of Unnatural Forces
2026-01-14,Andragan,Band of Unnatural Forces
2026-01-14,Dilphiv,Band of Unnatural Forces
2026-01-14,Mlb,Band of Unnatural Forces
2026-01-14,Aberria,Cloak of Suturing
2026-01-14,Caludin,Cloak of Suturing
2026-01-14,Bitenuker,Cloak of the Necropolis
2026-01-14,Calul,Cloak of the Necropolis
2026-01-14,Branremix,Corrupted Ashbringer
2026-01-14,Divinesh,Desecrated Circlet
2026-01-14,Gnomecore,Desecrated Circlet
2026-01-14,Divinesh,Desecrated Sandals
2026-01-14,Chimpsmage,Doomfinger
2026-01-14,Grapedrink,Eye of the Dead
2026-01-14,Griezman,Eye of the Dead
2026-01-14,Grapedrink,Ghoul Skin Tunic
2026-01-14,Deathwishh,Girdle of the Mentor
2026-01-14,Madder,Girdle of the Mentor
2026-01-14,Mlb,Girdle of the Mentor
2026-01-14,Dwarfjessus,Hammer of the Twisting Nether
2026-01-14,Yumii,Hammer of the Twisting Nether
2026-01-14,Yumii,Hammer of the Twisting Nether
2026-01-14,Ïiïiïiïiïiïï,Hammer of the Twisting Nether
2026-01-14,Delusion,"Iblis, Blade of the Fallen Seraph"
2026-01-14,Goondini,"Iblis, Blade of the Fallen Seraph"
2026-01-14,Yasuke,Kingsfall
2026-01-14,Deathwishh,Kiss of the Spider
2026-01-14,Dwama,Kiss of the Spider
2026-01-14,Macthorson,Kiss of the Spider
2026-01-14,Moonee,Kiss of the Spider
2026-01-14,Necropharus,Kiss of the Spider
2026-01-14,Necropharus,Kiss of the Spider
2026-01-14,Solidsmtx,Kiss of the Spider
2026-01-14,Valerik,Kiss of the Spider
2026-01-14,Valerik,Kiss of the Spider
2026-01-14,Kennyypowers,Leggings of Apocalypse
2026-01-14,Aoeaoeaoeaoe,Leggings of Polarity
2026-01-14,Enormous,Leggings of Polarity
2026-01-14,Dwama,Legplates of Carnage
2026-01-14,Moonee,Legplates of Carnage
2026-01-14,Solidsmtx,Legplates of Carnage
2026-01-14,Zosokid,Might of Menethil
2026-01-14,Delusion,Might of the Scourge
2026-01-14,Macthorson,Might of the Scourge
2026-01-14,Zosokid,Might of the Scourge
2026-01-14,Aberria,Necklace of Necropsy
2026-01-14,Caludin,Necklace of Necropsy
2026-01-14,Farquaadino,Necklace of Necropsy
2026-01-14,Glad,Nerubian Slavemaker
2026-01-14,Glad,Nerubian Slavemaker
2026-01-14,Kennyypowers,Nerubian Slavemaker
2026-01-14,Aoeaoeaoeaoe,Rime Covered Mantle
2026-01-14,Dwarfjessus,Rime Covered Mantle
2026-01-14,Griezman,Shield of Condemnation
2026-01-14,Ïiïiïiïiïiïï,Shield of Condemnation
2026-01-14,Yasuke,Shroud of Dominion
2026-01-14,Branremix,Slayer's Crest
2026-01-14,Dilphiv,Slayer's Crest
2026-01-14,Madder,Slayer's Crest
2026-01-14,Rusti,Slayer's Crest
2026-01-14,Rusti,Slayer's Crest
2026-01-14,Slout,Slayer's Crest
2026-01-14,Farquaadino,Spire of Twilight
2026-01-14,Slout,Stormrage's Talisman of Seething
2026-01-14,Spectral,Stormrage's Talisman of Seething
2026-01-14,Holyfist,The Face of Death
2026-01-14,Chimpsmage,The Restrained Essence of Sapphiron
2026-01-14,Enormous,The Restrained Essence of Sapphiron
2026-01-14,Gnomecore,The Restrained Essence of Sapphiron
2026-01-14,Kushcloud,The Soul Harvester's Bindings
2026-01-14,Kushcloud,The Soul Harvester's Bindings
2026-01-14,Goondini,Widow's Remorse
2026-01-14,Holyfist,Widow's Remorse
2026-01-14,Bitenuker,Wraith Blade
2026-01-14,Calul,Wraith Blade
2026-01-14,Spectral,Wristguards of Vengeance
2023-11-28,Waumbek,Band of Unanswered Prayers
2023-11-28,Nineteenhc,Band of Unnatural Forces
2023-11-28,Checkursix,Boots of Displacement
2023-11-28,Eronimo,Brimstone Staff
2023-11-28,Checkursix,Claw of the Frost Wyrm
2023-11-28,Audem,Cloak of the Necropolis
2023-11-28,Airz,Corrupted Ashbringer
2023-11-28,Integrity,Corrupted Ashbringer
2023-11-28,Saacon,Desecrated Circlet
2023-11-28,Uwudaddy,Desecrated Circlet
2023-11-28,Dreamer,Desecrated Girdle
2023-11-28,Baldbro,Desecrated Headpiece
2023-11-28,Audem,Desecrated Robe
2023-11-28,Mainevent,Desecrated Robe
2023-11-28,Saacon,Desecrated Robe
2023-11-28,Tekilalove,Desecrated Robe
2023-11-28,Kurdinn,Desecrated Shoulderpads
2023-11-28,Thurgood,Desecrated Shoulderpads
2023-11-28,Briseis,Doomfinger
2023-11-28,Baldbro,Eye of the Dead
2023-11-28,Mainevent,Eye of the Dead
2023-11-28,Miltonmane,Eye of the Dead
2023-11-28,Paendrag,Eye of the Dead
2023-11-28,Gome,Gem of Trapped Innocents
2023-11-28,Branremix,Girdle of the Mentor
2023-11-28,Dinoblunt,Girdle of the Mentor
2023-11-28,Mcballs,"Gressil, Dawn of Ruin"
2023-11-28,Tont,"Gressil, Dawn of Ruin"
2023-11-28,Tont,"Gressil, Dawn of Ruin"
2023-11-28,Zenz,"Gressil, Dawn of Ruin"
2023-11-28,Briseis,Hammer of the Twisting Nether
2023-11-28,Integrity,Hammer of the Twisting Nether
2023-11-28,Miltonmane,Hammer of the Twisting Nether
2023-11-28,Thurgood,Hammer of the Twisting Nether
2023-11-28,Mictlantecuh,"Iblis, Blade of the Fallen Seraph"
2023-11-28,Cleavadge,Kiss of the Spider
2023-11-28,Pocket,Kiss of the Spider
2023-11-28,Xorkal,Kiss of the Spider
2023-11-28,Rootz,Leggings of Apocalypse
2023-11-28,Nineteenhc,Legplates of Carnage
2023-11-28,Airz,Might of Menethil
2023-11-28,Dinoblunt,Might of Menethil
2023-11-28,Rickytan,Misplaced Servo Arm
2023-11-28,Rickytan,Misplaced Servo Arm
2023-11-28,Farquaad,Nerubian Slavemaker
2023-11-28,Ruug,Nerubian Slavemaker
2023-11-28,Alpineey,Plated Abomination Ribcage
2023-11-28,Bli,Plated Abomination Ribcage
2023-11-28,Gome,Power of the Scourge
2023-11-28,Hegrid,Rime Covered Mantle
2023-11-28,Falariss,Sadist's Collar
2023-11-28,Burkinafaso,Sapphiron's Left Eye
2023-11-28,Tekilalove,Sapphiron's Left Eye
2023-11-28,Eronimo,Seal of the Damned
2023-11-28,Kurdinn,Seal of the Damned
2023-11-28,Waumbek,Shield of Condemnation
2023-11-28,Pogg,Shroud of Dominion
2023-11-28,Farquaad,Slayer's Crest
2023-11-28,Ruug,Slayer's Crest
2023-11-28,Gandal,Soulseeker
2023-11-28,Bli,Stormrage's Talisman of Seething
2023-11-28,Rootz,Stormrage's Talisman of Seething
2023-11-28,Branremix,The Castigator
2023-11-28,Mictlantecuh,The Castigator
2023-11-28,Pogg,The Castigator
2023-11-28,Dreamer,The End of Dreams
2023-11-28,Cleavadge,The Hungering Cold
2023-11-28,Mcballs,The Hungering Cold
2023-11-28,Paendrag,The Hungering Cold
2023-11-28,Pocket,The Hungering Cold
2023-11-28,Xorkal,The Hungering Cold
2023-11-28,Falariss,The Phylactery of Kel'Thuzad
2023-11-28,Gandal,The Restrained Essence of Sapphiron
2023-11-28,Pewone,The Restrained Essence of Sapphiron
2023-11-28,Pewone,The Restrained Essence of Sapphiron
2023-11-28,Hegrid,The Soul Harvester's Bindings
2023-11-28,Uwudaddy,Wand of Fates
2023-11-28,Zenz,Widow's Remorse
2023-11-28,Burkinafaso,Wraith Blade
2023-11-28,Alpineey,Wristguards of Vengeance
2024-10-22,Reciprocate,Band of Unanswered Prayers
2024-10-22,Feq,Band of Unnatural Forces
2024-10-22,Finesse,Band of Unnatural Forces
2024-10-22,Rusti,Band of Unnatural Forces
2024-10-22,Slashi,Band of Unnatural Forces
2024-10-22,Prunes,Brimstone Staff
2024-10-22,Uwudaddy,Cloak of the Necropolis
2024-10-22,Prunes,Crystal Webbed Robe
2024-10-22,Skiiska,Doomfinger
2024-10-22,Bli,Eye of the Dead
2024-10-22,Bli,Eye of the Dead
2024-10-22,Mistav,Eye of the Dead
2024-10-22,Mistav,Eye of the Dead
2024-10-22,Spacepump,Eye of the Dead
2024-10-22,Waumbek,Eye of the Dead
2024-10-22,Waumbek,Eye of the Dead
2024-10-22,Chimpsmage,Gem of Trapped Innocents
2024-10-22,Trine,Gem of Trapped Innocents
2024-10-22,Shaala,Ghoul Skin Tunic
2024-10-22,Michaelre,Girdle of the Mentor
2024-10-22,Pogg,Girdle of the Mentor
2024-10-22,Burkhealz,Hammer of the Twisting Nether
2024-10-22,Michelínk,Hammer of the Twisting Nether
2024-10-22,Michelínk,Hammer of the Twisting Nether
2024-10-22,Saladblesing,Hammer of the Twisting Nether
2024-10-22,Spacepump,Hammer of the Twisting Nether
2024-10-22,Yasuke,Hatchet of Sundered Bone
2024-10-22,Pushw,"Iblis, Blade of the Fallen Seraph"
2024-10-22,Vanishh,Kingsfall
2024-10-22,Yasuke,Kingsfall
2024-10-22,Alpineey,Kiss of the Spider
2024-10-22,Alpineey,Kiss of the Spider
2024-10-22,Checkursix,Kiss of the Spider
2024-10-22,Glad,Kiss of the Spider
2024-10-22,Glad,Kiss of the Spider
2024-10-22,Knumb,Kiss of the Spider
2024-10-22,Mictlantecuh,Kiss of the Spider
2024-10-22,Pogg,Kiss of the Spider
2024-10-22,Rusti,Kiss of the Spider
2024-10-22,Slashi,Kiss of the Spider
2024-10-22,Toxicalover,Kiss of the Spider
2024-10-22,Shaala,Leggings of Apocalypse
2024-10-22,Dionefastrgf,Leggings of Polarity
2024-10-22,Donzonæq,Leggings of Polarity
2024-10-22,Gandal,Leggings of Polarity
2024-10-22,Gandal,Leggings of Polarity
2024-10-22,Toxicalover,Legplates of Carnage
2024-10-22,Arizana,Might of Menethil
2024-10-22,Gugsx,Might of the Scourge
2024-10-22,Nineteenhc,Nerubian Slavemaker
2024-10-22,Vanishh,Nerubian Slavemaker
2024-10-22,Mictlantecuh,Plated Abomination Ribcage
2024-10-22,Bojjo,Preceptor's Hat
2024-10-22,Bojjo,Preceptor's Hat
2024-10-22,Donzonæq,Sapphiron's Left Eye
2024-10-22,Skiiska,Seal of the Damned
2024-10-22,Reciprocate,Shield of Condemnation
2024-10-22,Feq,Shroud of Dominion
2024-10-22,Knumb,Shroud of Dominion
2024-10-22,Checkursix,Slayer's Crest
2024-10-22,Gugsx,Slayer's Crest
2024-10-22,Nineteenhc,Slayer's Crest
2024-10-22,Rootz,Slayer's Crest
2024-10-22,Rootz,Slayer's Crest
2024-10-22,Saladblesing,Slayer's Crest
2024-10-22,Abusementprk,Stormrage's Talisman of Seething
2024-10-22,Arizana,Stormrage's Talisman of Seething
2024-10-22,Finesse,Stormrage's Talisman of Seething
2024-10-22,Chimpsmage,The Restrained Essence of Sapphiron
2024-10-22,Trine,The Restrained Essence of Sapphiron
2024-10-22,Uwudaddy,The Restrained Essence of Sapphiron
2024-10-22,Dionefastrgf,The Soul Harvester's Bindings
2024-10-22,Burkhealz,Wand of the Whispering Dead
2024-10-22,Pushw,Widow's Remorse
2024-10-22,Abusementprk,Wristguards of Vengeance
2024-10-22,Michaelre,Wristguards of Vengeance
2024-02-27,Onefiftyone,Band of Unanswered Prayers
2024-02-27,Prunes,Band of Unanswered Prayers
2024-02-27,Prunes,Band of Unanswered Prayers
2024-02-27,Mictlantecuh,Band of Unnatural Forces
2024-02-27,Pogg,Band of Unnatural Forces
2024-02-27,Vanishh,Band of Unnatural Forces
2024-02-27,Dirtydëëds,Claw of the Frost Wyrm
2024-02-27,Impax,Cloak of the Necropolis
2024-02-27,Shortandthic,Cloak of the Necropolis
2024-02-27,Holyrolled,Corrupted Ashbringer
2024-02-27,Yagå,Corrupted Ashbringer
2024-02-27,Bojjo,Desecrated Robe
2024-02-27,Burkinn,Desecrated Robe
2024-02-27,Redswervv,Desecrated Robe
2024-02-27,Gome,Doomfinger
2024-02-27,Gome,Doomfinger
2024-02-27,Dreamer,Eye of the Dead
2024-02-27,Integrity,Eye of the Dead
2024-02-27,Onefiftyone,Eye of the Dead
2024-02-27,Priestrofl,Eye of the Dead
2024-02-27,Impax,Gem of Trapped Innocents
2024-02-27,Chims,Girdle of the Mentor
2024-02-27,Dinoblunt,Girdle of the Mentor
2024-02-27,Tavesty,Girdle of the Mentor
2024-02-27,Dreamer,Hammer of the Twisting Nether
2024-02-27,Holyrolled,Hammer of the Twisting Nether
2024-02-27,Priestrofl,Hammer of the Twisting Nether
2024-02-27,Dirtydëëds,Harbinger of Doom
2024-02-27,Yagå,Hatchet of Sundered Bone
2024-02-27,Ábrams,Hatchet of Sundered Bone
2024-02-27,Alpineey,"Iblis, Blade of the Fallen Seraph"
2024-02-27,Checkursix,"Iblis, Blade of the Fallen Seraph"
2024-02-27,Nearl,Kingsfall
2024-02-27,Abusementprk,Kiss of the Spider
2024-02-27,Checkursix,Kiss of the Spider
2024-02-27,Chims,Kiss of the Spider
2024-02-27,Knumb,Kiss of the Spider
2024-02-27,Mcballs,Kiss of the Spider
2024-02-27,Nineteenalt,Kiss of the Spider
2024-02-27,Nineteenalt,Kiss of the Spider
2024-02-27,Burkinn,Leggings of Polarity
2024-02-27,Mistaveeb,Legplates of Carnage
2024-02-27,Airz,Might of Menethil
2024-02-27,Airz,Might of Menethil
2024-02-27,Ckeavadge,Might of the Scourge
2024-02-27,Farquaad,Might of the Scourge
2024-02-27,Farquaad,Might of the Scourge
2024-02-27,Nearl,Misplaced Servo Arm
2024-02-27,Ruug,Nerubian Slavemaker
2024-02-27,Alpineey,Plated Abomination Ribcage
2024-02-27,Ábrams,Plated Abomination Ribcage
2024-02-27,Shortandthic,Rime Covered Mantle
2024-02-27,Skiiska,Ring of Faith
2024-02-27,Redswervv,Sapphiron's Left Eye
2024-02-27,Jensin,Seal of the Damned
2024-02-27,Bli,Shroud of Dominion
2024-02-27,Bli,Shroud of Dominion
2024-02-27,Integrity,Shroud of Dominion
2024-02-27,Pogg,Shroud of Dominion
2024-02-27,Abusementprk,Slayer's Crest
2024-02-27,Mcballs,Slayer's Crest
2024-02-27,Ruug,Slayer's Crest
2024-02-27,Vanishh,Slayer's Crest
2024-02-27,Branremix,Stormrage's Talisman of Seething
2024-02-27,Mictlantecuh,Stormrage's Talisman of Seething
2024-02-27,Dinoblunt,The Castigator
2024-02-27,Waumbek,The Face of Death
2024-02-27,Tavesty,The Phylactery of Kel'Thuzad
2024-02-27,Gandal,The Restrained Essence of Sapphiron
2024-02-27,Gandal,The Restrained Essence of Sapphiron
2024-02-27,Hegred,The Restrained Essence of Sapphiron
2024-02-27,Hegred,The Restrained Essence of Sapphiron
2024-02-27,Jensin,The Restrained Essence of Sapphiron
2024-02-27,Branremix,The Widow's Embrace
2024-02-27,Skiiska,Wand of the Whispering Dead
2024-02-27,Waumbek,Widow's Remorse
2024-02-27,Bojjo,Wraith Blade
2024-02-27,Ckeavadge,Wristguards of Vengeance
2024-02-27,Knumb,Wristguards of Vengeance
2024-02-27,Mistaveeb,Wristguards of Vengeance
2023-09-26,Farquaad,Band of Reanimation
2023-09-26,Nabdru,Band of Reanimation
2023-09-26,Cainbaid,Band of Unanswered Prayers
2023-09-26,Thurgood,Band of Unanswered Prayers
2023-09-26,Falariss,Band of Unnatural Forces
2023-09-26,Mictlantecuh,Band of Unnatural Forces
2023-09-26,Kurdinn,Cloak of Suturing
2023-09-26,Tont,Cryptfiend Silk Cloak
2023-09-26,Waumbek,Death's Bargain
2023-09-26,Gome,Desecrated Belt
2023-09-26,Mainevent,Desecrated Belt
2023-09-26,Saacon,Desecrated Belt
2023-09-26,Kurdinn,Desecrated Bindings
2023-09-26,Accrohaizaa,Desecrated Boots
2023-09-26,Baldbro,Desecrated Boots
2023-09-26,Waumbek,Desecrated Boots
2023-09-26,Azzereth,Desecrated Circlet
2023-09-26,Cainbaid,Desecrated Circlet
2023-09-26,Airz,Desecrated Girdle
2023-09-26,Baldbro,Desecrated Headpiece
2023-09-26,Farquaad,Desecrated Headpiece
2023-09-26,Zepii,Desecrated Headpiece
2023-09-26,Mainevent,Desecrated Leggings
2023-09-26,Cosmicheals,Desecrated Legguards
2023-09-26,Brisley,Desecrated Sandals
2023-09-26,Endor,Desecrated Sandals
2023-09-26,Brisley,Desecrated Shoulderpads
2023-09-26,Gome,Desecrated Shoulderpads
2023-09-26,Accrohaizaa,Desecrated Spaulders
2023-09-26,Integrity,Desecrated Spaulders
2023-09-26,Integrity,Desecrated Spaulders
2023-09-26,Zepii,Desecrated Spaulders
2023-09-26,Endor,Eye of Diminution
2023-09-26,Nabdru,Ghoul Skin Tunic
2023-09-26,Pogg,Girdle of the Mentor
2023-09-26,Tont,Girdle of the Mentor
2023-09-26,Sekhmet,Harbinger of Doom
2023-09-26,Mictlantecuh,Hatchet of Sundered Bone
2023-09-26,Bethaylorn,"Iblis, Blade of the Fallen Seraph"
2023-09-26,Dinoblunt,"Iblis, Blade of the Fallen Seraph"
2023-09-26,Zenz,"Iblis, Blade of the Fallen Seraph"
2023-09-26,Ava,Kiss of the Spider
2023-09-26,Ava,Kiss of the Spider
2023-09-26,Branremix,Kiss of the Spider
2023-09-26,Cleavadge,Kiss of the Spider
2023-09-26,Mcballs,Kiss of the Spider
2023-09-26,Rickytan,Kiss of the Spider
2023-09-26,Rootz,Kiss of the Spider
2023-09-26,Vaxie,Kiss of the Spider
2023-09-26,Villainx,Kiss of the Spider
2023-09-26,Villainx,Kiss of the Spider
2023-09-26,Joobiejablon,Leggings of Polarity
2023-09-26,Locope,Legplates of Carnage
2023-09-26,Locope,Legplates of Carnage
2023-09-26,Pogg,Legplates of Carnage
2023-09-26,Sekhmet,Maexxna's Fang
2023-09-26,Trily,Maexxna's Fang
2023-09-26,Trily,Maexxna's Fang
2023-09-26,Vaxie,Maexxna's Fang
2023-09-26,Falariss,Misplaced Servo Arm
2023-09-26,Rickytan,Misplaced Servo Arm
2023-09-26,Bli,Plated Abomination Ribcage
2023-09-26,Dinoblunt,Plated Abomination Ribcage
2023-09-26,Gandal,Preceptor's Hat
2023-09-26,Gandal,Rime Covered Mantle
2023-09-26,Mcballs,The Castigator
2023-09-26,Zenz,The Castigator
2023-09-26,Rootz,The End of Dreams
2023-09-26,Airz,The Widow's Embrace
2023-09-26,Cosmicheals,The Widow's Embrace
2023-09-26,Thurgood,The Widow's Embrace
2023-09-26,Hegrid,Wand of Fates
2023-09-26,Hegrid,Wand of Fates
2023-09-26,Bethaylorn,Widow's Remorse
2023-09-26,Branremix,Widow's Remorse
2023-09-26,Azzereth,Wraith Blade
2023-09-26,Joobiejablon,Wraith Blade
2023-09-26,Saacon,Wraith Blade
2023-09-26,Bli,Wristguards of Vengeance
2023-09-26,Cleavadge,Wristguards of Vengeance
2024-04-30,Pandaheals,Band of Unanswered Prayers
2024-04-30,Spacepimp,Band of Unanswered Prayers
2024-04-30,Aleice,Band of Unnatural Forces
2024-04-30,Canofcorn,Band of Unnatural Forces
2024-04-30,Glad,Band of Unnatural Forces
2024-04-30,Mictlantecuh,Band of Unnatural Forces
2024-04-30,Supgap,Band of the Inevitable
2024-04-30,Stickyricky,Cloak of the Necropolis
2024-04-30,Waumbek,Cryptfiend Silk Cloak
2024-04-30,Supgap,Crystal Webbed Robe
2024-04-30,Summonparser,Desecrated Circlet
2024-04-30,Burkinn,Desecrated Robe
2024-04-30,Jensin,Desecrated Robe
2024-04-30,Gome,Eye of Diminution
2024-04-30,Miltonmane,Eye of Diminution
2024-04-30,Antimercy,Eye of the Dead
2024-04-30,Gandal,Eye of the Dead
2024-04-30,Otokoneko,Eye of the Dead
2024-04-30,Dinoblunt,Girdle of the Mentor
2024-04-30,Pogg,Girdle of the Mentor
2024-04-30,Rickytanx,Girdle of the Mentor
2024-04-30,Yagå,Girdle of the Mentor
2024-04-30,Bli,Hammer of the Twisting Nether
2024-04-30,Miltonmane,Hammer of the Twisting Nether
2024-04-30,Otokoneko,Hammer of the Twisting Nether
2024-04-30,Pandaheals,Hammer of the Twisting Nether
2024-04-30,Spacepimp,Hammer of the Twisting Nether
2024-04-30,Alpineey,"Iblis, Blade of the Fallen Seraph"
2024-04-30,Checkursix,"Iblis, Blade of the Fallen Seraph"
2024-04-30,Finesse,"Iblis, Blade of the Fallen Seraph"
2024-04-30,Chiseller,Kingsfall
2024-04-30,Rickytanx,Kingsfall
2024-04-30,Abráms,Kiss of the Spider
2024-04-30,Abusementprk,Kiss of the Spider
2024-04-30,Canofcorn,Kiss of the Spider
2024-04-30,Checkursix,Kiss of the Spider
2024-04-30,Chims,Kiss of the Spider
2024-04-30,Chims,Kiss of the Spider
2024-04-30,Dinoblunt,Kiss of the Spider
2024-04-30,Mcballs,Kiss of the Spider
2024-04-30,Zongas,Kiss of the Spider
2024-04-30,Zongas,Kiss of the Spider
2024-04-30,Bojjo,Leggings of Polarity
2024-04-30,Abráms,Legplates of Carnage
2024-04-30,Chiseller,Maexxna's Fang
2024-04-30,Arizana,Might of Menethil
2024-04-30,Waumbek,Might of Menethil
2024-04-30,Yagå,Might of Menethil
2024-04-30,Ruug,Might of the Scourge
2024-04-30,Bli,Nerubian Slavemaker
2024-04-30,Alpineey,Plated Abomination Ribcage
2024-04-30,Gome,Preceptor's Hat
2024-04-30,Stickyricky,Rime Covered Mantle
2024-04-30,Jensin,Sapphiron's Right Eye
2024-04-30,Jetrho,Shroud of Dominion
2024-04-30,Mistaveeb,Shroud of Dominion
2024-04-30,Rootz,Shroud of Dominion
2024-04-30,Abusementprk,Slayer's Crest
2024-04-30,Mcballs,Slayer's Crest
2024-04-30,Nineteenhc,Slayer's Crest
2024-04-30,Nineteenhc,Slayer's Crest
2024-04-30,Pogg,Slayer's Crest
2024-04-30,Ruug,Slayer's Crest
2024-04-30,Mictlantecuh,Stormrage's Talisman of Seething
2024-04-30,Mistaveeb,Stormrage's Talisman of Seething
2024-04-30,Rootz,Stormrage's Talisman of Seething
2024-04-30,Aleice,The Castigator
2024-04-30,Finesse,The Castigator
2024-04-30,Glad,The Castigator
2024-04-30,Jetrho,The Phylactery of Kel'Thuzad
2024-04-30,Antimercy,The Restrained Essence of Sapphiron
2024-04-30,Burkinn,The Restrained Essence of Sapphiron
2024-04-30,Bojjo,The Soul Harvester's Bindings
2024-04-30,Gandal,Veil of Eclipse
2024-04-30,Skiiska,Wand of the Whispering Dead
2024-04-30,Skiiska,Wand of the Whispering Dead
2024-04-30,Summonparser,Wraith Blade
2024-04-30,Arizana,Wristguards of Vengeance
2023-12-12,Dreamer,Band of Unanswered Prayers
2023-12-12,Mistaveeb,Band of Unnatural Forces
2023-12-12,Nineteenalt,Band of Unnatural Forces
2023-12-12,Waumbek,Cloak of Suturing
2023-12-12,Airz,Corrupted Ashbringer
2023-12-12,Draziwe,Desecrated Circlet
2023-12-12,Censer,Desecrated Headpiece
2023-12-12,Censer,Desecrated Legguards
2023-12-12,Skiiska,Desecrated Robe
2023-12-12,Uwudaddy,Desecrated Robe
2023-12-12,Skiiska,Desecrated Shoulderpads
2023-12-12,Thurgood,Desecrated Shoulderpads
2023-12-12,Ruug,Desecrated Tunic
2023-12-12,Baldbro,Eye of the Dead
2023-12-12,Mainevent,Eye of the Dead
2023-12-12,Gome,Gem of Trapped Innocents
2023-12-12,Mcballs,Ghoul Skin Tunic
2023-12-12,Branremix,Girdle of the Mentor
2023-12-12,Xorkal,Girdle of the Mentor
2023-12-12,Dinoblunt,"Gressil, Dawn of Ruin"
2023-12-12,Mcballs,"Gressil, Dawn of Ruin"
2023-12-12,Pogg,"Gressil, Dawn of Ruin"
2023-12-12,Qtplants,"Gressil, Dawn of Ruin"
2023-12-12,Baldbro,Hammer of the Twisting Nether
2023-12-12,Miltonmane,Hammer of the Twisting Nether
2023-12-12,Prunes,Hammer of the Twisting Nether
2023-12-12,Prunes,Hammer of the Twisting Nether
2023-12-12,Thurgood,Hammer of the Twisting Nether
2023-12-12,Paendrag,Hatchet of Sundered Bone
2023-12-12,Checkursix,"Iblis, Blade of the Fallen Seraph"
2023-12-12,Knumb,"Iblis, Blade of the Fallen Seraph"
2023-12-12,Mictlantecuh,"Iblis, Blade of the Fallen Seraph"
2023-12-12,Paendrag,Kingsfall
2023-12-12,Ratbag,Kingsfall
2023-12-12,Cleavadge,Kiss of the Spider
2023-12-12,Crsw,Kiss of the Spider
2023-12-12,Iggyy,Kiss of the Spider
2023-12-12,Xorkal,Kiss of the Spider
2023-12-12,Rootz,Leggings of Apocalypse
2023-12-12,Nineteenalt,Legplates of Carnage
2023-12-12,Airz,Might of Menethil
2023-12-12,Dinoblunt,Might of Menethil
2023-12-12,Farquaad,Might of the Scourge
2023-12-12,Rootz,Might of the Scourge
2023-12-12,Ruug,Nerubian Slavemaker
2023-12-12,Bli,Plated Abomination Ribcage
2023-12-12,Mainevent,Ring of Faith
2023-12-12,Burkinafaso,Sapphiron's Left Eye
2023-12-12,Tekilalove,Sapphiron's Left Eye
2023-12-12,Jensin,Sapphiron's Right Eye
2023-12-12,Miltonmane,Shield of Condemnation
2023-12-12,Waumbek,Shield of Condemnation
2023-12-12,Mistaveeb,Shroud of Dominion
2023-12-12,Checkursix,Slayer's Crest
2023-12-12,Farquaad,Slayer's Crest
2023-12-12,Nihilistik,Slayer's Crest
2023-12-12,Ratbag,Slayer's Crest
2023-12-12,Gandal,Soulseeker
2023-12-12,Iggyy,Soulstring
2023-12-12,Bli,Stormrage's Talisman of Seething
2023-12-12,Branremix,The Castigator
2023-12-12,Mictlantecuh,The Castigator
2023-12-12,Alpineey,The Hungering Cold
2023-12-12,Cleavadge,The Hungering Cold
2023-12-12,Nihilistik,The Hungering Cold
2023-12-12,Pogg,The Hungering Cold
2023-12-12,Qtplants,The Hungering Cold
2023-12-12,Draziwe,The Phylactery of Kel'Thuzad
2023-12-12,Gandal,The Restrained Essence of Sapphiron
2023-12-12,Jensin,The Restrained Essence of Sapphiron
2023-12-12,Muntz,The Restrained Essence of Sapphiron
2023-12-12,Gome,The Soul Harvester's Bindings
2023-12-12,Dreamer,The Widow's Embrace
2023-12-12,Uwudaddy,Wand of Fates
2023-12-12,Knumb,Widow's Remorse
2023-12-12,Burkinafaso,Wraith Blade
2023-12-12,Muntz,Wraith Blade
2023-12-12,Tekilalove,Wraith Blade
2023-12-12,Alpineey,Wristguards of Vengeance
2023-12-12,Crsw,Wristguards of Vengeance
2025-07-01,Octoboss,Band of Unnatural Forces
2025-07-01,Slashi,Band of Unnatural Forces
2025-07-01,Thorgenie,Band of Unnatural Forces
2025-07-01,Zerpyxoxo,Band of Unnatural Forces
2025-07-01,Zerpyxoxo,Band of Unnatural Forces
2025-07-01,Deadcoiles,Band of the Inevitable
2025-07-01,Mandraky,Band of the Inevitable
2025-07-01,Kushcloud,Cloak of the Necropolis
2025-07-01,Numbrodos,Death's Bargain
2025-07-01,Bravesrrobin,Eye of the Dead
2025-07-01,Darkwings,Eye of the Dead
2025-07-01,Donf,Eye of the Dead
2025-07-01,Greybush,Eye of the Dead
2025-07-01,Greybush,Eye of the Dead
2025-07-01,Microgodx,Ghoul Skin Tunic
2025-07-01,Abom,Girdle of the Mentor
2025-07-01,Saladbalding,Girdle of the Mentor
2025-07-01,Torreypines,Girdle of the Mentor
2025-07-01,Bravesrrobin,Hammer of the Twisting Nether
2025-07-01,Darkwings,Hammer of the Twisting Nether
2025-07-01,Donf,Hammer of the Twisting Nether
2025-07-01,Holyalpine,Hammer of the Twisting Nether
2025-07-01,Holyfist,Hammer of the Twisting Nether
2025-07-01,Holyfist,Hammer of the Twisting Nether
2025-07-01,Stradamusx,Hammer of the Twisting Nether
2025-07-01,Stradamusx,Hammer of the Twisting Nether
2025-07-01,Feq,Hatchet of Sundered Bone
2025-07-01,Dwamasama,"Iblis, Blade of the Fallen Seraph"
2025-07-01,Macthorson,"Iblis, Blade of the Fallen Seraph"
2025-07-01,Dilphiv,Kiss of the Spider
2025-07-01,Dwamasama,Kiss of the Spider
2025-07-01,Huxli,Kiss of the Spider
2025-07-01,Huxli,Kiss of the Spider
2025-07-01,Madder,Kiss of the Spider
2025-07-01,Madder,Kiss of the Spider
2025-07-01,Microgodx,Kiss of the Spider
2025-07-01,Saladbalding,Kiss of the Spider
2025-07-01,Slashi,Kiss of the Spider
2025-07-01,Feq,Leggings of Apocalypse
2025-07-01,Abusementprk,Legplates of Carnage
2025-07-01,Torreypines,Legplates of Carnage
2025-07-01,Bli,Might of the Scourge
2025-07-01,Bli,Might of the Scourge
2025-07-01,Abusementprk,Nerubian Slavemaker
2025-07-01,Donzon,Nerubian Slavemaker
2025-07-01,Rusti,Plated Abomination Ribcage
2025-07-01,Skiiska,Resilience of the Scourge
2025-07-01,Skiiska,Resilience of the Scourge
2025-07-01,Trine,Sapphiron's Left Eye
2025-07-01,Holyalpine,Sapphiron's Right Eye
2025-07-01,Ghili,Shroud of Dominion
2025-07-01,Rusti,Shroud of Dominion
2025-07-01,Abom,Slayer's Crest
2025-07-01,Ghili,Slayer's Crest
2025-07-01,Glad,Slayer's Crest
2025-07-01,Glad,Slayer's Crest
2025-07-01,Octoboss,Slayer's Crest
2025-07-01,Toxicalover,Slayer's Crest
2025-07-01,Toxicalover,Slayer's Crest
2025-07-01,Donzon,Stormrage's Talisman of Seething
2025-07-01,Thorgenie,Stormrage's Talisman of Seething
2025-07-01,Andragan,The Castigator
2025-07-01,Andragan,The Castigator
2025-07-01,Dilphiv,The Castigator
2025-07-01,Macthorson,The Castigator
2025-07-01,Nilloc,The Phylactery of Kel'Thuzad
2025-07-01,Are,The Restrained Essence of Sapphiron
2025-07-01,Are,The Restrained Essence of Sapphiron
2025-07-01,Kushcloud,The Restrained Essence of Sapphiron
2025-07-01,Numbrodos,The Restrained Essence of Sapphiron
2025-07-01,Trine,The Restrained Essence of Sapphiron
2025-07-01,Deadcoiles,Wand of Fates
2025-07-01,Mandraky,Wand of Fates
2025-07-01,Nilloc,Wraith Blade
2024-03-19,Mictlantecuh,Band of Unnatural Forces
2024-03-19,Rootz,Band of Unnatural Forces
2024-03-19,Vanishh,Band of Unnatural Forces
2024-03-19,Hegred,Cloak of the Necropolis
2024-03-19,Impax,Cloak of the Necropolis
2024-03-19,Yagå,Corrupted Ashbringer
2024-03-19,Miltonmane,Desecrated Spaulders
2024-03-19,Miltonmane,Desecrated Tunic
2024-03-19,Stickyricky,Doomfinger
2024-03-19,Onefiftyone,Eye of the Dead
2024-03-19,Onefiftyone,Eye of the Dead
2024-03-19,Petdenoune,Eye of the Dead
2024-03-19,Impax,Gem of Trapped Innocents
2024-03-19,Dinoblunt,Girdle of the Mentor
2024-03-19,Mistaveeb,Girdle of the Mentor
2024-03-19,Pogg,Girdle of the Mentor
2024-03-19,Tavesty,Girdle of the Mentor
2024-03-19,Antimercy,Hammer of the Twisting Nether
2024-03-19,Gandal,Hammer of the Twisting Nether
2024-03-19,Petdenoune,Hammer of the Twisting Nether
2024-03-19,Waumbek,Hammer of the Twisting Nether
2024-03-19,Yagå,Hatchet of Sundered Bone
2024-03-19,Alpineey,"Iblis, Blade of the Fallen Seraph"
2024-03-19,Checkursix,"Iblis, Blade of the Fallen Seraph"
2024-03-19,Stablord,"Iblis, Blade of the Fallen Seraph"
2024-03-19,Thoriun,"Iblis, Blade of the Fallen Seraph"
2024-03-19,Abusementprk,Kiss of the Spider
2024-03-19,Chims,Kiss of the Spider
2024-03-19,Chims,Kiss of the Spider
2024-03-19,Dirtydëëds,Kiss of the Spider
2024-03-19,Knumb,Kiss of the Spider
2024-03-19,Mcballs,Kiss of the Spider
2024-03-19,Nineteenalt,Kiss of the Spider
2024-03-19,Nineteenalt,Kiss of the Spider
2024-03-19,Burkinafaso,Leggings of Polarity
2024-03-19,Airz,Might of Menethil
2024-03-19,Airz,Might of Menethil
2024-03-19,Integrity,Might of Menethil
2024-03-19,Prunes,Might of Menethil
2024-03-19,Ruug,Might of the Scourge
2024-03-19,Gandal,Necklace of Necropsy
2024-03-19,Bli,Nerubian Slavemaker
2024-03-19,Bli,Nerubian Slavemaker
2024-03-19,Burkinafaso,Rime Covered Mantle
2024-03-19,Priestrofl,Rime Covered Mantle
2024-03-19,Stickyricky,Rime Covered Mantle
2024-03-19,Priestrofl,Ring of Faith
2024-03-19,Redswervv,Sapphiron's Left Eye
2024-03-19,Antimercy,Sapphiron's Right Eye
2024-03-19,Cleavadge,Shroud of Dominion
2024-03-19,Pogg,Shroud of Dominion
2024-03-19,Abusementprk,Slayer's Crest
2024-03-19,Dirtydëëds,Slayer's Crest
2024-03-19,Mcballs,Slayer's Crest
2024-03-19,Ruug,Slayer's Crest
2024-03-19,Stablord,Slayer's Crest
2024-03-19,Tavesty,Slayer's Crest
2024-03-19,Thoriun,Slayer's Crest
2024-03-19,Vanishh,Slayer's Crest
2024-03-19,Branremix,Stormrage's Talisman of Seething
2024-03-19,Integrity,Stormrage's Talisman of Seething
2024-03-19,Mictlantecuh,Stormrage's Talisman of Seething
2024-03-19,Rootz,Stormrage's Talisman of Seething
2024-03-19,Alpineey,The Castigator
2024-03-19,Dinoblunt,The Castigator
2024-03-19,Waumbek,The Face of Death
2024-03-19,Bojjo,The Restrained Essence of Sapphiron
2024-03-19,Bojjo,The Restrained Essence of Sapphiron
2024-03-19,Jensin,The Restrained Essence of Sapphiron
2024-03-19,Jensin,The Restrained Essence of Sapphiron
2024-03-19,Prunes,The Restrained Essence of Sapphiron
2024-03-19,Redswervv,Wand of Fates
2024-03-19,Skiiska,Wand of the Whispering Dead
2024-03-19,Skiiska,Wand of the Whispering Dead
2024-03-19,Checkursix,Widow's Remorse
2024-03-19,Branremix,Wristguards of Vengeance
2024-03-19,Cleavadge,Wristguards of Vengeance
2024-03-19,Knumb,Wristguards of Vengeance
2024-03-19,Mistaveeb,Wristguards of Vengeance
2024-01-09,Dreamer,Band of Unanswered Prayers
2024-01-09,Bli,Band of Unnatural Forces
2024-01-09,Cannab,Brimstone Staff
2024-01-09,Gimlisonofjr,Claw of the Frost Wyrm
2024-01-09,Jensin,Cloak of the Necropolis
2024-01-09,Integrity,Corrupted Ashbringer
2024-01-09,Skiiska,Desecrated Belt
2024-01-09,Cosmicheals,Desecrated Boots
2024-01-09,Bojjo,Desecrated Circlet
2024-01-09,Cannab,Desecrated Circlet
2024-01-09,Impax,Desecrated Circlet
2024-01-09,Burkinafaso,Desecrated Robe
2024-01-09,Gome,Desecrated Robe
2024-01-09,Holysheet,Desecrated Robe
2024-01-09,Skiiska,Desecrated Sandals
2024-01-09,Holysheet,Desecrated Shoulderpads
2024-01-09,Impax,Desecrated Shoulderpads
2024-01-09,Ruug,Desecrated Spaulders
2024-01-09,Gome,Doomfinger
2024-01-09,Censer,Eye of the Dead
2024-01-09,Dreamer,Eye of the Dead
2024-01-09,Gandal,Fortitude of the Scourge
2024-01-09,Briseis,Gem of Trapped Innocents
2024-01-09,Hegrid,Gem of Trapped Innocents
2024-01-09,Branremix,Girdle of the Mentor
2024-01-09,Mcballs,"Gressil, Dawn of Ruin"
2024-01-09,Mistaveeb,"Gressil, Dawn of Ruin"
2024-01-09,Tont,"Gressil, Dawn of Ruin"
2024-01-09,Tont,"Gressil, Dawn of Ruin"
2024-01-09,Censer,Hammer of the Twisting Nether
2024-01-09,Mainevent,Hammer of the Twisting Nether
2024-01-09,Dirtydeeds,Harbinger of Doom
2024-01-09,Thorgena,Hatchet of Sundered Bone
2024-01-09,Checkursix,"Iblis, Blade of the Fallen Seraph"
2024-01-09,Dirtydeeds,Kingsfall
2024-01-09,Thorgena,Kingsfall
2024-01-09,Cleavadge,Kiss of the Spider
2024-01-09,Knumb,Kiss of the Spider
2024-01-09,Mcballs,Kiss of the Spider
2024-01-09,Nineteenalt,Kiss of the Spider
2024-01-09,Rootz,Leggings of Apocalypse
2024-01-09,Hegrid,Leggings of Polarity
2024-01-09,Mictlantecuh,Legplates of Carnage
2024-01-09,Airz,Might of Menethil
2024-01-09,Airz,Might of Menethil
2024-01-09,Dinoblunt,Might of Menethil
2024-01-09,Gimlisonofjr,Might of Menethil
2024-01-09,Rootz,Might of the Scourge
2024-01-09,Knumb,Misplaced Servo Arm
2024-01-09,Ruug,Nerubian Slavemaker
2024-01-09,Waumbek,Resilience of the Scourge
2024-01-09,Briseis,Sapphiron's Left Eye
2024-01-09,Cosmicheals,Sapphiron's Right Eye
2024-01-09,Mainevent,Sapphiron's Right Eye
2024-01-09,Integrity,Shield of Condemnation
2024-01-09,Pogg,Shroud of Dominion
2024-01-09,Ratbag,Shroud of Dominion
2024-01-09,Farquaad,Slayer's Crest
2024-01-09,Farquaad,Slayer's Crest
2024-01-09,Nihilistik,Slayer's Crest
2024-01-09,Ratbag,Slayer's Crest
2024-01-09,Bli,Soulstring
2024-01-09,Nineteenalt,Stormrage's Talisman of Seething
2024-01-09,Dinoblunt,The Castigator
2024-01-09,Mictlantecuh,The Castigator
2024-01-09,Waumbek,The End of Dreams
2024-01-09,Branremix,The Hungering Cold
2024-01-09,Cleavadge,The Hungering Cold
2024-01-09,Mistaveeb,The Hungering Cold
2024-01-09,Nihilistik,The Hungering Cold
2024-01-09,Pogg,The Hungering Cold
2024-01-09,Checkursix,The Phylactery of Kel'Thuzad
2024-01-09,Baalthazar,The Restrained Essence of Sapphiron
2024-01-09,Baalthazar,The Restrained Essence of Sapphiron
2024-01-09,Gandal,The Restrained Essence of Sapphiron
2024-01-09,Jensin,The Restrained Essence of Sapphiron
2024-01-09,Uwudaddy,Wand of Fates
2024-01-09,Uwudaddy,Wand of Fates
2024-01-09,Bojjo,Wraith Blade
2024-01-09,Burkinafaso,Wraith Blade
2024-01-23,Bli,Band of Unnatural Forces
2024-01-23,Pogg,Band of Unnatural Forces
2024-01-23,Kurdinn,Band of the Inevitable
2024-01-23,Waumbek,Belt of the Grand Crusader
2024-01-23,Dreamer,Cloak of Suturing
2024-01-23,Briseis,Cloak of the Necropolis
2024-01-23,Holyrolled,Corrupted Ashbringer
2024-01-23,Airz,Desecrated Headpiece
2024-01-23,Bojjo,Desecrated Robe
2024-01-23,Burkinafaso,Desecrated Robe
2024-01-23,Impax,Desecrated Robe
2024-01-23,Thurgood,Desecrated Robe
2024-01-23,Impax,Desecrated Sandals
2024-01-23,Gome,Doomfinger
2024-01-23,Dreamer,Eye of the Dead
2024-01-23,Integrity,Eye of the Dead
2024-01-23,Skiiska,Eye of the Dead
2024-01-23,Gome,Gem of Trapped Innocents
2024-01-23,Branremix,Girdle of the Mentor
2024-01-23,Branremix,Girdle of the Mentor
2024-01-23,Chims,Girdle of the Mentor
2024-01-23,Holyrolled,Hammer of the Twisting Nether
2024-01-23,Prunes,Hammer of the Twisting Nether
2024-01-23,Prunes,Hammer of the Twisting Nether
2024-01-23,Thurgood,Hammer of the Twisting Nether
2024-01-23,Dirtydeeds,Harbinger of Doom
2024-01-23,Checkursix,"Iblis, Blade of the Fallen Seraph"
2024-01-23,Thorgena,Kingsfall
2024-01-23,Abusementprk,Kiss of the Spider
2024-01-23,Alpineey,Kiss of the Spider
2024-01-23,Chims,Kiss of the Spider
2024-01-23,Cleavadge,Kiss of the Spider
2024-01-23,Knumb,Kiss of the Spider
2024-01-23,Mcballs,Kiss of the Spider
2024-01-23,Nineteenalt,Kiss of the Spider
2024-01-23,Nineteenalt,Kiss of the Spider
2024-01-23,Rootz,Leggings of Apocalypse
2024-01-23,Burkinafaso,Leggings of Polarity
2024-01-23,Tavesty,Legplates of Carnage
2024-01-23,Thorgena,Legplates of Carnage
2024-01-23,Airz,Might of Menethil
2024-01-23,Cleavadge,Might of the Scourge
2024-01-23,Rootz,Might of the Scourge
2024-01-23,Ruug,Nerubian Slavemaker
2024-01-23,Knumb,Plated Abomination Ribcage
2024-01-23,Tavesty,Plated Abomination Ribcage
2024-01-23,Baalthazar,Rime Covered Mantle
2024-01-23,Gandal,Ring of Faith
2024-01-23,Skiiska,Ring of Faith
2024-01-23,Briseis,Sapphiron's Left Eye
2024-01-23,Kurdinn,Seal of the Damned
2024-01-23,Uwudaddy,Seal of the Damned
2024-01-23,Integrity,Shield of Condemnation
2024-01-23,Bli,Shroud of Dominion
2024-01-23,Pogg,Shroud of Dominion
2024-01-23,Ratbag,Shroud of Dominion
2024-01-23,Abusementprk,Slayer's Crest
2024-01-23,Checkursix,Slayer's Crest
2024-01-23,Farquaad,Slayer's Crest
2024-01-23,Farquaad,Slayer's Crest
2024-01-23,Mcballs,Slayer's Crest
2024-01-23,Ratbag,Slayer's Crest
2024-01-23,Mistaveeb,Soulstring
2024-01-23,Hegrid,Staff Head of Atiesh
2024-01-23,Hegrid,Staff Head of Atiesh
2024-01-23,Dirtydeeds,Stormrage's Talisman of Seething
2024-01-23,Mictlantecuh,The Castigator
2024-01-23,Waumbek,The End of Dreams
2024-01-23,Mictlantecuh,The Phylactery of Kel'Thuzad
2024-01-23,Ruug,The Phylactery of Kel'Thuzad
2024-01-23,Baalthazar,The Restrained Essence of Sapphiron
2024-01-23,Gandal,The Restrained Essence of Sapphiron
2024-01-23,Jensin,The Restrained Essence of Sapphiron
2024-01-23,Jensin,The Restrained Essence of Sapphiron
2024-01-23,Uwudaddy,Wand of Fates
2024-01-23,Bojjo,Wraith Blade
2024-01-23,Alpineey,Wristguards of Vengeance
2024-01-23,Mistaveeb,Wristguards of Vengeance
2025-11-25,Healsniper,Band of Unanswered Prayers
2025-11-25,Ares,Band of Unnatural Forces
2025-11-25,Imag,Band of Unnatural Forces
2025-11-25,Macthorson,Band of Unnatural Forces
2025-11-25,Mlb,Band of Unnatural Forces
2025-11-25,Torreypines,Band of Unnatural Forces
2025-11-25,Lucivert,Brimstone Staff
2025-11-25,Deadcoiles,Cloak of the Necropolis
2025-11-25,Goathearder,Cloak of the Necropolis
2025-11-25,Solidsmtx,Corrupted Ashbringer
2025-11-25,Gaussxd,Doomfinger
2025-11-25,Abusementprk,Eye of the Dead
2025-11-25,Bigcheeser,Eye of the Dead
2025-11-25,Bispriest,Eye of the Dead
2025-11-25,Bispriest,Eye of the Dead
2025-11-25,Chimpsbald,Eye of the Dead
2025-11-25,Grapedrink,Eye of the Dead
2025-11-25,Healsniper,Eye of the Dead
2025-11-25,Dragon,Gem of Trapped Innocents
2025-11-25,Grapedrink,Ghoul Skin Tunic
2025-11-25,Ares,Girdle of the Mentor
2025-11-25,Huxli,Girdle of the Mentor
2025-11-25,Mlb,Girdle of the Mentor
2025-11-25,Saladbalding,Girdle of the Mentor
2025-11-25,Bigcheeser,Hammer of the Twisting Nether
2025-11-25,Chimpsbald,Hammer of the Twisting Nether
2025-11-25,Numbrodos,Hammer of the Twisting Nether
2025-11-25,Anticide,"Iblis, Blade of the Fallen Seraph"
2025-11-25,Zosokid,"Iblis, Blade of the Fallen Seraph"
2025-11-25,Buhf,Kingsfall
2025-11-25,Anticide,Kiss of the Spider
2025-11-25,Buhf,Kiss of the Spider
2025-11-25,Deathwishh,Kiss of the Spider
2025-11-25,Dilphiv,Kiss of the Spider
2025-11-25,Imag,Kiss of the Spider
2025-11-25,Saladbalding,Kiss of the Spider
2025-11-25,Torreypines,Kiss of the Spider
2025-11-25,Vallanz,Leggings of Polarity
2025-11-25,Deathwishh,Legplates of Carnage
2025-11-25,Macthorson,Legplates of Carnage
2025-11-25,Caludin,Libram of Light
2025-11-25,Numbrodos,Might of Menethil
2025-11-25,Dwamasama,Might of the Scourge
2025-11-25,Skiiska,Necro-Knight's Garb
2025-11-25,Skiiska,Necro-Knight's Garb
2025-11-25,Abusementprk,Nerubian Slavemaker
2025-11-25,Glad,Nerubian Slavemaker
2025-11-25,Vallanz,Rime Covered Mantle
2025-11-25,Dragon,Seal of the Damned
2025-11-25,Glad,Shroud of Dominion
2025-11-25,Rusti,Shroud of Dominion
2025-11-25,Dilphiv,Slayer's Crest
2025-11-25,Rusti,Slayer's Crest
2025-11-25,Slout,Slayer's Crest
2025-11-25,Zosokid,Slayer's Crest
2025-11-25,Goathearder,Soulseeker
2025-11-25,Dwamasama,Stormrage's Talisman of Seething
2025-11-25,Gaping,Stormrage's Talisman of Seething
2025-11-25,Huxli,Stormrage's Talisman of Seething
2025-11-25,Slout,Stormrage's Talisman of Seething
2025-11-25,Gaping,The Castigator
2025-11-25,Solidsmtx,The Castigator
2025-11-25,Deadcoiles,The Restrained Essence of Sapphiron
2025-11-25,Gaussxd,The Restrained Essence of Sapphiron
2025-11-25,Greybush,The Restrained Essence of Sapphiron
2025-11-25,Greybush,The Restrained Essence of Sapphiron
2025-11-25,Trine,The Restrained Essence of Sapphiron
2025-11-25,Trine,The Restrained Essence of Sapphiron
2025-11-25,Kushcloud,The Soul Harvester's Bindings
2025-11-25,Kushcloud,The Soul Harvester's Bindings
2025-11-25,Lucivert,The Soul Harvester's Bindings
2025-11-25,Caludin,The Widow's Embrace
2025-02-18,Gduel,Band of Unanswered Prayers
2025-02-18,Deltgodx,Band of Unnatural Forces
2025-02-18,Mlb,Band of Unnatural Forces
2025-02-18,Rusti,Band of Unnatural Forces
2025-02-18,Saladblesing,Corrupted Ashbringer
2025-02-18,Dalabris,Death's Bargain
2025-02-18,Marbochnk,Desecrated Bindings
2025-02-18,Marbochnk,Desecrated Sandals
2025-02-18,Greybush,Desecrated Shoulderpads
2025-02-18,Arizana,Eye of the Dead
2025-02-18,Branremix,Eye of the Dead
2025-02-18,Kushcloud,Eye of the Dead
2025-02-18,Rootz,Eye of the Dead
2025-02-18,Juka,Gem of Trapped Innocents
2025-02-18,Burkarms,Girdle of the Mentor
2025-02-18,Knumb,Girdle of the Mentor
2025-02-18,Knumb,Girdle of the Mentor
2025-02-18,Mlb,Girdle of the Mentor
2025-02-18,Greybush,Hammer of the Twisting Nether
2025-02-18,Illadelph,Hammer of the Twisting Nether
2025-02-18,Illadelph,Hammer of the Twisting Nether
2025-02-18,Kushcloud,Hammer of the Twisting Nether
2025-02-18,Powerstroke,Hatchet of Sundered Bone
2025-02-18,Huxx,"Iblis, Blade of the Fallen Seraph"
2025-02-18,Huxx,"Iblis, Blade of the Fallen Seraph"
2025-02-18,Pogg,"Iblis, Blade of the Fallen Seraph"
2025-02-18,Powerstroke,Kingsfall
2025-02-18,Vanishh,Kingsfall
2025-02-18,Alpineey,Kiss of the Spider
2025-02-18,Alpineey,Kiss of the Spider
2025-02-18,Glad,Kiss of the Spider
2025-02-18,Glad,Kiss of the Spider
2025-02-18,Rusti,Kiss of the Spider
2025-02-18,Jetrho,Leggings of Apocalypse
2025-02-18,Briseis,Leggings of Polarity
2025-02-18,Flushh,Leggings of Polarity
2025-02-18,Abusementprk,Legplates of Carnage
2025-02-18,Balurn,Legplates of Carnage
2025-02-18,Dalabris,Libram of Light
2025-02-18,Gduel,Libram of Light
2025-02-18,Frostiwarr,Might of Menethil
2025-02-18,Deltgodx,Might of the Scourge
2025-02-18,Arizana,Necklace of Necropsy
2025-02-18,Bli,Necklace of Necropsy
2025-02-18,Bli,Necklace of Necropsy
2025-02-18,Abusementprk,Nerubian Slavemaker
2025-02-18,Balurn,Nerubian Slavemaker
2025-02-18,Pogg,Nerubian Slavemaker
2025-02-18,Saladblesing,Plated Abomination Ribcage
2025-02-18,Trine,Sapphiron's Left Eye
2025-02-18,Jetrho,Shroud of Dominion
2025-02-18,Vanishh,Shroud of Dominion
2025-02-18,Vexhunt,Shroud of Dominion
2025-02-18,Vexhunt,Shroud of Dominion
2025-02-18,Airz,Slayer's Crest
2025-02-18,Branremix,Slayer's Crest
2025-02-18,Burkarms,Slayer's Crest
2025-02-18,Mistaveeb,Slayer's Crest
2025-02-18,Mistaveeb,Slayer's Crest
2025-02-18,Rootz,Slayer's Crest
2025-02-18,Frostiwarr,Soulstring
2025-02-18,Feq,Stormrage's Talisman of Seething
2025-02-18,Madder,Stormrage's Talisman of Seething
2025-02-18,Madder,The Plague Bearer
2025-02-18,Airz,The Restrained Essence of Sapphiron
2025-02-18,Briseis,The Restrained Essence of Sapphiron
2025-02-18,Donzonæq,The Restrained Essence of Sapphiron
2025-02-18,Donzonæq,The Restrained Essence of Sapphiron
2025-02-18,Flushh,The Restrained Essence of Sapphiron
2025-02-18,Hegrid,The Restrained Essence of Sapphiron
2025-02-18,Hegrid,The Restrained Essence of Sapphiron
2025-02-18,Skiiska,The Restrained Essence of Sapphiron
2025-02-18,Trine,The Restrained Essence of Sapphiron
2025-02-18,Skiiska,The Soul Harvester's Bindings
2025-02-18,Juka,Wand of Fates
2025-02-18,Feq,Wristguards of Vengeance
2024-02-20,Gandal,Band of Unanswered Prayers
2024-02-20,Mictlantecuh,Band of Unnatural Forces
2024-02-20,Pogg,Band of Unnatural Forces
2024-02-20,Rootz,Band of Unnatural Forces
2024-02-20,Waumbek,Belt of the Grand Crusader
2024-02-20,Runtzxcookie,Brimstone Staff
2024-02-20,Impax,Cloak of the Necropolis
2024-02-20,Yagå,Corrupted Ashbringer
2024-02-20,Bojjo,Desecrated Robe
2024-02-21,Onefiftyone,Desecrated Shoulderpads
2024-02-20,Gome,Doomfinger
2024-02-20,Gome,Doomfinger
2024-02-20,Integrity,Eye of the Dead
2024-02-20,Mae,Eye of the Dead
2024-02-21,Onefiftyone,Eye of the Dead
2024-02-20,Impax,Gem of Trapped Innocents
2024-02-20,Chims,Girdle of the Mentor
2024-02-20,Prunes,Hammer of the Twisting Nether
2024-02-20,Prunes,Hammer of the Twisting Nether
2024-02-20,Dirtydëëds,Harbinger of Doom
2024-02-20,Rickytanx,Hatchet of Sundered Bone
2024-02-20,Yagå,Hatchet of Sundered Bone
2024-02-20,Alpineey,"Iblis, Blade of the Fallen Seraph"
2024-02-20,Checkursix,"Iblis, Blade of the Fallen Seraph"
2024-02-20,Knumb,Kiss of the Spider
2024-02-20,Rickytanx,Kiss of the Spider
2024-02-20,Runtzxcookie,Leggings of Polarity
2024-02-20,Mistaveeb,Legplates of Carnage
2024-02-20,Airz,Might of Menethil
2024-02-20,Airz,Might of Menethil
2024-02-20,Branremix,Might of Menethil
2024-02-20,Cleavadge,Might of the Scourge
2024-02-20,Farquaad,Might of the Scourge
2024-02-20,Farquaad,Might of the Scourge
2024-02-20,Skiiska,Ring of Faith
2024-02-20,Uwudaddy,Seal of the Damned
2024-02-20,Pogg,Shroud of Dominion
2024-02-20,Checkursix,Slayer's Crest
2024-02-20,Rootz,Slayer's Crest
2024-02-20,Branremix,Stormrage's Talisman of Seething
2024-02-20,Dirtydëëds,Stormrage's Talisman of Seething
2024-02-20,Integrity,Stormrage's Talisman of Seething
2024-02-20,Mictlantecuh,Stormrage's Talisman of Seething
2024-02-20,Alpineey,The Castigator
2024-02-20,Waumbek,The Face of Death
2024-02-20,Chims,The Phylactery of Kel'Thuzad
2024-02-20,Gandal,The Restrained Essence of Sapphiron
2024-02-20,Hegred,The Restrained Essence of Sapphiron
2024-02-20,Hegred,The Restrained Essence of Sapphiron
2024-02-20,Mae,The Restrained Essence of Sapphiron
2024-02-20,Uwudaddy,Wand of Fates
2024-02-20,Skiiska,Wand of the Whispering Dead
2024-02-20,Bojjo,Wraith Blade
2024-02-20,Cleavadge,Wristguards of Vengeance
2024-02-20,Knumb,Wristguards of Vengeance
2024-02-20,Mistaveeb,Wristguards of Vengeance
2025-08-19,Chimpsbald,Band of Unanswered Prayers
2025-08-19,Healsniper,Band of Unanswered Prayers
2025-08-19,Dwamasama,Band of Unnatural Forces
2025-08-19,Huxli,Band of Unnatural Forces
2025-08-19,Moonee,Band of Unnatural Forces
2025-08-19,Rusti,Band of Unnatural Forces
2025-08-19,Magebrained,Cloak of the Necropolis
2025-08-19,Mandraky,Cloak of the Necropolis
2025-08-19,Bravesrrobin,Eye of the Dead
2025-08-19,Bravesrrobin,Eye of the Dead
2025-08-19,Briseis,Eye of the Dead
2025-08-19,Darkwings,Eye of the Dead
2025-08-19,Necropharus,Eye of the Dead
2025-08-19,Necropharus,Eye of the Dead
2025-08-19,Ares,Girdle of the Mentor
2025-08-19,Huxli,Girdle of the Mentor
2025-08-19,Macthorson,Girdle of the Mentor
2025-08-19,Saladbalding,Girdle of the Mentor
2025-08-19,Solidsmtx,Girdle of the Mentor
2025-08-19,Torreypines,Girdle of the Mentor
2025-08-19,Chimpsbald,Hammer of the Twisting Nether
2025-08-19,Patriot,Hammer of the Twisting Nether
2025-08-19,Patriot,Hammer of the Twisting Nether
2025-08-19,Macthorson,Hatchet of Sundered Bone
2025-08-19,Zosokid,"Iblis, Blade of the Fallen Seraph"
2025-08-19,Vazec,Kingsfall
2025-08-19,Dilphiv,Kiss of the Spider
2025-08-19,Dwamasama,Kiss of the Spider
2025-08-19,Microgodx,Kiss of the Spider
2025-08-19,Microgodx,Kiss of the Spider
2025-08-19,Saladbalding,Kiss of the Spider
2025-08-19,Slashi,Kiss of the Spider
2025-08-19,Slashi,Kiss of the Spider
2025-08-19,Abusementprk,Leggings of Apocalypse
2025-08-19,Deadcoiles,Leggings of Polarity
2025-08-19,Abusementprk,Legplates of Carnage
2025-08-19,Andragan,Legplates of Carnage
2025-08-19,Andragan,Legplates of Carnage
2025-08-19,Torreypines,Legplates of Carnage
2025-08-19,Darkwings,Libram of Light
2025-08-19,Healsniper,Libram of Light
2025-08-19,Vazec,Might of the Scourge
2025-08-19,Meco,Nerubian Slavemaker
2025-08-19,Meco,Nerubian Slavemaker
2025-08-19,Thorgenie,Nerubian Slavemaker
2025-08-19,Ares,Plated Abomination Ribcage
2025-08-19,Toxicalover,Plated Abomination Ribcage
2025-08-19,Greybush,Power of the Scourge
2025-08-19,Magebrained,Sapphiron's Left Eye
2025-08-19,Glad,Shroud of Dominion
2025-08-19,Igkidkyuubi,Shroud of Dominion
2025-08-19,Dilphiv,Slayer's Crest
2025-08-19,Madder,Slayer's Crest
2025-08-19,Michaelre,Slayer's Crest
2025-08-19,Moonee,Slayer's Crest
2025-08-19,Rusti,Slayer's Crest
2025-08-19,Greybush,Soulseeker
2025-08-19,Glad,Stormrage's Talisman of Seething
2025-08-19,Madder,Stormrage's Talisman of Seething
2025-08-19,Thorgenie,Stormrage's Talisman of Seething
2025-08-19,Zosokid,Stormrage's Talisman of Seething
2025-08-19,Igkidkyuubi,The Castigator
2025-08-19,Michaelre,The Castigator
2025-08-19,Toxicalover,The Face of Death
2025-08-19,Briseis,The Restrained Essence of Sapphiron
2025-08-19,Kushcloud,The Restrained Essence of Sapphiron
2025-08-19,Kushcloud,The Restrained Essence of Sapphiron
2025-08-19,Mandraky,The Restrained Essence of Sapphiron
2025-08-19,Trine,The Restrained Essence of Sapphiron
2025-08-19,Trine,The Restrained Essence of Sapphiron
2025-08-19,Deadcoiles,Wand of Fates
2025-08-19,Kurdinn,Wand of Fates
2025-08-19,Kurdinn,Wand of Fates
2025-08-19,Solidsmtx,Wristguards of Vengeance
2025-05-20,Crazedeyes,Band of Unanswered Prayers
2025-05-20,Thorgene,Band of Unanswered Prayers
2025-05-20,Donfrye,Band of Unnatural Forces
2025-05-20,Imag,Band of Unnatural Forces
2025-05-20,Madder,Band of Unnatural Forces
2025-05-20,Rusti,Band of Unnatural Forces
2025-05-20,Slashi,Band of Unnatural Forces
2025-05-20,Spach,Band of Unnatural Forces
2025-05-20,Spach,Band of Unnatural Forces
2025-05-20,Holyfist,Cloak of Suturing
2025-05-20,Chimpsmage,Cloak of the Necropolis
2025-05-20,Saladblesing,Corrupted Ashbringer
2025-05-20,Sixerr,Desecrated Breastplate
2025-05-20,Wtbfearward,Desecrated Circlet
2025-05-20,Slink,Desecrated Robe
2025-05-20,Borntodiee,Eye of the Dead
2025-05-20,Briseis,Eye of the Dead
2025-05-20,Darkwings,Eye of the Dead
2025-05-20,Illadelph,Eye of the Dead
2025-05-20,Illadelph,Eye of the Dead
2025-05-20,Mistaveeb,Eye of the Dead
2025-05-20,Mistaveeb,Eye of the Dead
2025-05-20,Ljiangjun,Gem of Trapped Innocents
2025-05-20,Feq,Girdle of the Mentor
2025-05-20,Feq,Girdle of the Mentor
2025-05-20,Huxli,Girdle of the Mentor
2025-05-20,Lastbeath,Girdle of the Mentor
2025-05-20,Borntodiee,Hammer of the Twisting Nether
2025-05-20,Darkwings,Hammer of the Twisting Nether
2025-05-20,Holyfist,Hammer of the Twisting Nether
2025-05-20,Valoriwar,Hatchet of Sundered Bone
2025-05-20,Dilphiv,"Iblis, Blade of the Fallen Seraph"
2025-05-20,Ghili,"Iblis, Blade of the Fallen Seraph"
2025-05-20,Lastbeath,"Iblis, Blade of the Fallen Seraph"
2025-05-20,Nomerdva,"Iblis, Blade of the Fallen Seraph"
2025-05-20,Sixerr,"Iblis, Blade of the Fallen Seraph"
2025-05-20,Orcbane,Kingsfall
2025-05-20,Saladblesing,Leggings of Apocalypse
2025-05-20,Slink,Leggings of Polarity
2025-05-20,Zenz,Legplates of Carnage
2025-05-20,Madder,Might of the Scourge
2025-05-20,Valoriwar,Might of the Scourge
2025-05-20,Bli,Necklace of Necropsy
2025-05-20,Bli,Necklace of Necropsy
2025-05-20,Crazedeyes,Necklace of Necropsy
2025-05-20,Greybush,Necklace of Necropsy
2025-05-20,Reciprocate,Necklace of Necropsy
2025-05-20,Reciprocate,Necklace of Necropsy
2025-05-20,Thorgene,Necklace of Necropsy
2025-05-20,Ghili,Nerubian Slavemaker
2025-05-20,Donfrye,Plated Abomination Ribcage
2025-05-20,Greybush,Resilience of the Scourge
2025-05-20,Wtbfearward,Ring of Faith
2025-05-20,Ignitegodx,Sapphiron's Left Eye
2025-05-20,Ljiangjun,Sapphiron's Left Eye
2025-05-20,Novely,Shroud of Dominion
2025-05-20,Orcbane,Shroud of Dominion
2025-05-20,Glad,Slayer's Crest
2025-05-20,Glad,Slayer's Crest
2025-05-20,Novely,Slayer's Crest
2025-05-20,Rusti,Slayer's Crest
2025-05-20,Slashi,Slayer's Crest
2025-05-20,Alpine,Stormrage's Talisman of Seething
2025-05-20,Alpine,Stormrage's Talisman of Seething
2025-05-20,Jetrho,Stormrage's Talisman of Seething
2025-05-20,Jetrho,Stormrage's Talisman of Seething
2025-05-20,Dilphiv,The Castigator
2025-05-20,Imag,The Castigator
2025-05-20,Nomerdva,The Castigator
2025-05-20,Zenz,The Castigator
2025-05-20,Briseis,The Restrained Essence of Sapphiron
2025-05-20,Chimpsmage,The Restrained Essence of Sapphiron
2025-05-20,Kushcloud,The Restrained Essence of Sapphiron
2025-05-20,Kushcloud,The Restrained Essence of Sapphiron
2025-05-20,Ignitegodx,Wraith Blade
2025-05-20,Huxli,Wristguards of Vengeance
2025-01-07,Greybush,Band of Unanswered Prayers
2025-01-07,Feq,Band of Unnatural Forces
2025-01-07,Knumb,Band of Unnatural Forces
2025-01-07,Michaelre,Band of Unnatural Forces
2025-01-07,Greybush,Cloak of Suturing
2025-01-07,Waumbek,Cloak of the Necropolis
2025-01-07,Waumbek,Cloak of the Necropolis
2025-01-07,Fatperez,Desecrated Circlet
2025-01-07,Skiiska,Doomfinger
2025-01-07,Arizana,Eye of the Dead
2025-01-07,Bli,Eye of the Dead
2025-01-07,Gaussqt,Eye of the Dead
2025-01-07,Snugsafe,Eye of the Dead
2025-01-07,Tezcatlipoca,Eye of the Dead
2025-01-07,Saladbalding,Fortitude of the Scourge
2025-01-07,Yami,Ghoul Skin Tunic
2025-01-07,Frostiwarr,Girdle of the Mentor
2025-01-07,Knumb,Girdle of the Mentor
2025-01-07,Madder,Girdle of the Mentor
2025-01-07,Gaussqt,Hammer of the Twisting Nether
2025-01-07,Gduel,Hammer of the Twisting Nether
2025-01-07,Gduel,Hammer of the Twisting Nether
2025-01-07,Shaala,Hammer of the Twisting Nether
2025-01-07,Shaala,Hammer of the Twisting Nether
2025-01-07,Snugsafe,Hammer of the Twisting Nether
2025-01-07,Burkarms,"Iblis, Blade of the Fallen Seraph"
2025-01-07,Mlb,"Iblis, Blade of the Fallen Seraph"
2025-01-07,Aurel,Kingsfall
2025-01-07,Rogue,"Gressil, Dawn of Ruin"
2025-01-07,Alpineey,Kiss of the Spider
2025-01-07,Alpineey,Kiss of the Spider
2025-01-07,Deltgodx,Kiss of the Spider
2025-01-07,Frostiwarr,Kiss of the Spider
2025-01-07,Glad,Kiss of the Spider
2025-01-07,Glad,Kiss of the Spider
2025-01-07,Rusti,Kiss of the Spider
2025-01-07,Rusti,Kiss of the Spider
2025-01-07,Feq,Leggings of Apocalypse
2025-01-07,Fatperez,Leggings of Polarity
2025-01-07,Abusementprk,Legplates of Carnage
2025-01-07,Vexhunt,Might of the Scourge
2025-01-07,Arizana,Necklace of Necropsy
2025-01-07,Bli,Necklace of Necropsy
2025-01-07,Tezcatlipoca,Necklace of Necropsy
2025-01-07,Pogg,Nerubian Slavemaker
2025-01-07,Rogue,"Gressil, Dawn of Ruin"
2025-01-07,Burkarms,Plated Abomination Ribcage
2025-01-07,Dionefastrgf,Sapphiron's Left Eye
2025-01-07,Trine,Sapphiron's Left Eye
2025-01-07,Prunes,Seal of the Damned
2025-01-07,Prunes,Seal of the Damned
2025-01-07,Abusementprk,Shroud of Dominion
2025-01-07,Checkursix,Shroud of Dominion
2025-01-07,Chims,Shroud of Dominion
2025-01-07,Mistaveeb,Shroud of Dominion
2025-01-07,Airz,Slayer's Crest
2025-01-07,Jetrho,Slayer's Crest
2025-01-07,Jetrho,Slayer's Crest
2025-01-07,Mistaveeb,Slayer's Crest
2025-01-07,Saladbalding,Slayer's Crest
2025-01-07,Vexhunt,Slayer's Crest
2025-01-07,Aurel,Stormrage's Talisman of Seething
2025-01-07,Checkursix,Stormrage's Talisman of Seething
2025-01-07,Chims,Stormrage's Talisman of Seething
2025-01-07,Michaelre,Stormrage's Talisman of Seething
2025-01-07,Pogg,Stormrage's Talisman of Seething
2025-01-07,Deltgodx,The Castigator
2025-01-07,Madder,The Castigator
2025-01-07,Mlb,The Castigator
2025-01-07,Airz,The Restrained Essence of Sapphiron
2025-01-07,Briseis,The Restrained Essence of Sapphiron
2025-01-07,Briseis,The Restrained Essence of Sapphiron
2025-01-07,Donzonæq,The Restrained Essence of Sapphiron
2025-01-07,Donzonæq,The Restrained Essence of Sapphiron
2025-01-07,Skiiska,The Restrained Essence of Sapphiron
2025-01-07,Trine,The Restrained Essence of Sapphiron
2025-01-07,Dionefastrgf,The Soul Harvester's Bindings
2025-01-07,Yami,Wristguards of Vengeance
2024-08-27,Kurdinn,Band of Unanswered Prayers
2024-08-27,Feq,Band of Unnatural Forces
2024-08-27,Toxicalover,Band of Unnatural Forces
2024-08-27,Vanishh,Band of Unnatural Forces
2024-08-27,Ábrams,Band of Unnatural Forces
2024-08-27,Gugsx,Claw of the Frost Wyrm
2024-08-27,Toolbox,Cloak of Suturing
2024-08-27,Hegred,Cloak of the Necropolis
2024-08-27,Hegred,Cloak of the Necropolis
2024-08-27,Scambena,Cloak of the Necropolis
2024-08-27,Coomèr,Desecrated Circlet
2024-08-27,Dionefastrgf,Desecrated Circlet
2024-08-27,Dionefastrgf,Desecrated Robe
2024-08-27,Gandal,Doomfinger
2024-08-27,Bli,Eye of the Dead
2024-08-27,Bli,Eye of the Dead
2024-08-27,Lilanni,Eye of the Dead
2024-08-27,Maidenn,Eye of the Dead
2024-08-27,Mistav,Eye of the Dead
2024-08-27,Shaala,Eye of the Dead
2024-08-27,Shaala,Eye of the Dead
2024-08-27,Scambena,Gem of Trapped Innocents
2024-08-27,Abusementprk,Girdle of the Mentor
2024-08-27,Banjotooie,Girdle of the Mentor
2024-08-27,Anaomil,Hammer of the Twisting Nether
2024-08-27,Lilanni,Hammer of the Twisting Nether
2024-08-27,Maidenn,Hammer of the Twisting Nether
2024-08-27,Mistav,Hammer of the Twisting Nether
2024-08-27,Saladblesing,Hammer of the Twisting Nether
2024-08-27,Saladblesing,Hammer of the Twisting Nether
2024-08-27,Yasuke,Hatchet of Sundered Bone
2024-08-27,Finesse,"Iblis, Blade of the Fallen Seraph"
2024-08-27,Gugsx,Kingsfall
2024-08-27,Yasuke,Kingsfall
2024-08-27,Alpineey,Kiss of the Spider
2024-08-27,Banjotooie,Kiss of the Spider
2024-08-27,Checkursix,Kiss of the Spider
2024-08-27,Glad,Kiss of the Spider
2024-08-27,Knumb,Kiss of the Spider
2024-08-27,Mictlantecuh,Kiss of the Spider
2024-08-27,Pogg,Kiss of the Spider
2024-08-27,Toxicalover,Kiss of the Spider
2024-08-27,Chimpsmage,Leggings of Polarity
2024-08-27,Donzonæq,Leggings of Polarity
2024-08-27,Critzmcgee,Legplates of Carnage
2024-08-27,Knumb,Legplates of Carnage
2024-08-27,Impax,Loatheb's Reflection
2024-08-27,Checkursix,Might of the Scourge
2024-08-27,Vanishh,Might of the Scourge
2024-08-27,Waumbek,Misplaced Servo Arm
2024-08-27,Finesse,Nerubian Slavemaker
2024-08-27,Ábrams,Plated Abomination Ribcage
2024-08-27,Waumbek,Power of the Scourge
2024-08-27,Chimpsmage,Sapphiron's Left Eye
2024-08-27,Donzonæq,Sapphiron's Left Eye
2024-08-27,Gandal,Seal of the Damned
2024-08-27,Anaomil,Shield of Condemnation
2024-08-27,Bethaylorn,Shroud of Dominion
2024-08-27,Feq,Shroud of Dominion
2024-08-27,Glad,Slayer's Crest
2024-08-27,Jetrho,Slayer's Crest
2024-08-27,Jetrho,Slayer's Crest
2024-08-27,Pogg,Slayer's Crest
2024-08-27,Rootz,Slayer's Crest
2024-08-27,Rootz,Slayer's Crest
2024-08-27,Coomèr,Spire of Twilight
2024-08-27,Alpineey,Stormrage's Talisman of Seething
2024-08-27,Mictlantecuh,Stormrage's Talisman of Seething
2024-08-27,Bethaylorn,The Castigator
2024-08-27,Critzmcgee,The Castigator
2024-08-27,Nineteenalt,The Face of Death
2024-08-27,Burkinn,The Restrained Essence of Sapphiron
2024-08-27,Burkinn,The Restrained Essence of Sapphiron
2024-08-27,Kurdinn,The Restrained Essence of Sapphiron
2024-08-27,Supgap,The Restrained Essence of Sapphiron
2024-08-27,Supgap,The Restrained Essence of Sapphiron
2024-08-27,Impax,Veil of Eclipse
2024-08-27,Toolbox,Warmth of Forgiveness
2024-08-27,Abusementprk,Wristguards of Vengeance
2024-08-27,Nineteenalt,Wristguards of Vengeance
2025-01-14,Airz,Band of Unanswered Prayers
2025-01-14,Greybush,Band of Unanswered Prayers
2025-01-14,Michaelre,Band of Unnatural Forces
2025-01-14,Greybush,Cloak of Suturing
2025-01-14,Waumbek,Cloak of the Necropolis
2025-01-14,Waumbek,Cloak of the Necropolis
2025-01-14,Onefiftyone,Crystal Webbed Robe
2025-01-14,Fatperez,Desecrated Circlet
2025-01-14,Skiiska,Doomfinger
2025-01-14,Arizana,Eye of the Dead
2025-01-14,Bli,Eye of the Dead
2025-01-14,Bli,Eye of the Dead
2025-01-14,Briseis,Eye of the Dead
2025-01-14,Rootz,Eye of the Dead
2025-01-14,Snugsafe,Eye of the Dead
2025-01-14,Burkarms,Girdle of the Mentor
2025-01-14,Feq,Girdle of the Mentor
2025-01-13,Frostiwarr,Girdle of the Mentor
2025-01-14,Knumb,Girdle of the Mentor
2025-01-14,Mlb,Girdle of the Mentor
2025-01-14,Gandal,Hailstone Band
2025-01-14,Gduel,Hammer of the Twisting Nether
2025-01-14,Gduel,Hammer of the Twisting Nether
2025-01-14,Shaala,Hammer of the Twisting Nether
2025-01-14,Shaala,Hammer of the Twisting Nether
2025-01-14,Mlb,"Iblis, Blade of the Fallen Seraph"
2025-01-14,Rogue,"Gressil, Dawn of Ruin"
2025-01-14,Alpineey,Kiss of the Spider
2025-01-14,Alpineey,Kiss of the Spider
2025-01-14,Checkursix,Kiss of the Spider
2025-01-14,Deltgodx,Kiss of the Spider
2025-01-13,Frostiwarr,Kiss of the Spider
2025-01-14,Gaussxo,Kiss of the Spider
2025-01-14,Glad,Kiss of the Spider
2025-01-14,Glad,Kiss of the Spider
2025-01-14,Microgodx,Kiss of the Spider
2025-01-14,Rusti,Kiss of the Spider
2025-01-14,Rusti,Kiss of the Spider
2025-01-14,Sunderzz,Leggings of Apocalypse
2025-01-14,Gandal,Leggings of Polarity
2025-01-14,Abusementprk,Legplates of Carnage
2025-01-14,Feq,Might of the Scourge
2025-01-14,Arizana,Necklace of Necropsy
2025-01-14,Pogg,Nerubian Slavemaker
2025-01-14,Rogue,"Gressil, Dawn of Ruin"
2025-01-14,Gaussxo,Plated Abomination Ribcage
2025-01-14,Onefiftyone,Preceptor's Hat
2025-01-14,Snugsafe,Ring of Faith
2025-01-14,Dionefastrgf,Sapphiron's Left Eye
2025-01-14,Trine,Sapphiron's Left Eye
2025-01-14,Abusementprk,Shroud of Dominion
2025-01-14,Checkursix,Shroud of Dominion
2025-01-14,Chims,Shroud of Dominion
2025-01-14,Mistaveeb,Shroud of Dominion
2025-01-14,Airz,Slayer's Crest
2025-01-14,Burkarms,Slayer's Crest
2025-01-14,Mistaveeb,Slayer's Crest
2025-01-14,Rootz,Slayer's Crest
2025-01-14,Sunderzz,Slayer's Crest
2025-01-14,Vexhunt,Slayer's Crest
2025-01-14,Vexhunt,Slayer's Crest
2025-01-14,Chims,Stormrage's Talisman of Seething
2025-01-14,Michaelre,Stormrage's Talisman of Seething
2025-01-14,Microgodx,Stormrage's Talisman of Seething
2025-01-14,Pogg,Stormrage's Talisman of Seething
2025-01-14,Deltgodx,The Castigator
2025-01-14,Madder,The Castigator
2025-01-14,Knumb,The Face of Death
2025-01-14,Briseis,The Restrained Essence of Sapphiron
2025-01-14,Donzonæq,The Restrained Essence of Sapphiron
2025-01-14,Donzonæq,The Restrained Essence of Sapphiron
2025-01-14,Fatperez,The Restrained Essence of Sapphiron
2025-01-14,Ignomes,The Restrained Essence of Sapphiron
2025-01-14,Skiiska,The Restrained Essence of Sapphiron
2025-01-14,Trine,The Restrained Essence of Sapphiron
2025-01-14,Dionefastrgf,The Soul Harvester's Bindings
2025-01-14,Ignomes,Wraith Blade
2025-01-14,Madder,Wristguards of Vengeance
2025-05-27,Borntodiee,Band of Unanswered Prayers
2025-05-27,Darkwings,Band of Unanswered Prayers
2025-05-27,Holyfist,Band of Unanswered Prayers
2025-05-27,Madder,Band of Unnatural Forces
2025-05-27,Rusti,Band of Unnatural Forces
2025-05-27,Slashi,Band of Unnatural Forces
2025-05-27,Valoriwar,Band of Unnatural Forces
2025-05-27,Iketibby,Band of the Inevitable
2025-05-27,Sundergang,Claw of the Frost Wyrm
2025-05-27,Chimpsmage,Cloak of the Necropolis
2025-05-27,Iketibby,Cloak of the Necropolis
2025-05-27,Bli,Corrupted Ashbringer
2025-05-27,Bli,Corrupted Ashbringer
2025-05-27,Saladblesing,Corrupted Ashbringer
2025-05-27,Mistam,Doomfinger
2025-05-27,Briseis,Eye of the Dead
2025-05-27,Donfrye,Eye of the Dead
2025-05-27,Feq,Girdle of the Mentor
2025-05-27,Huxli,Girdle of the Mentor
2025-05-27,Lastbeath,Girdle of the Mentor
2025-05-27,Torreypines,Girdle of the Mentor
2025-05-27,Borntodiee,Hammer of the Twisting Nether
2025-05-27,Darkwings,Hammer of the Twisting Nether
2025-05-27,Donfrye,Hammer of the Twisting Nether
2025-05-27,Holyfist,Hammer of the Twisting Nether
2025-05-27,Kurdinn,Hammer of the Twisting Nether
2025-05-27,Aile,Harbinger of Doom
2025-05-27,Valoriwar,Hatchet of Sundered Bone
2025-05-27,Athek,"Iblis, Blade of the Fallen Seraph"
2025-05-27,Dwamasama,"Iblis, Blade of the Fallen Seraph"
2025-05-27,Ghili,"Iblis, Blade of the Fallen Seraph"
2025-05-27,Feq,Kingsfall
2025-05-27,Kushcloud,Leggings of Polarity
2025-05-27,Torreypines,Legplates of Carnage
2025-05-27,Zenz,Legplates of Carnage
2025-05-27,Athek,Might of the Scourge
2025-05-27,Ghili,Might of the Scourge
2025-05-27,Imag,Might of the Scourge
2025-05-27,Madder,Might of the Scourge
2025-05-27,Aile,Misplaced Servo Arm
2025-05-27,Greybush,Necklace of Necropsy
2025-05-27,Reciprocate,Necklace of Necropsy
2025-05-27,Reciprocate,Necklace of Necropsy
2025-05-27,Alpineey,Nerubian Slavemaker
2025-05-27,Saladblesing,Nerubian Slavemaker
2025-05-27,Dwamasama,Plated Abomination Ribcage
2025-05-27,Zenz,Plated Abomination Ribcage
2025-05-27,Greybush,Resilience of the Scourge
2025-05-27,Dionefastrgf,Sapphiron's Left Eye
2025-05-27,Dionefastrgf,Sapphiron's Left Eye
2025-05-27,Lastbeath,Shroud of Dominion
2025-05-27,Novely,Shroud of Dominion
2025-05-27,Dilphiv,Slayer's Crest
2025-05-27,Glad,Slayer's Crest
2025-05-27,Glad,Slayer's Crest
2025-05-27,Novely,Slayer's Crest
2025-05-27,Rusti,Slayer's Crest
2025-05-27,Slashi,Slayer's Crest
2025-05-27,Alpineey,Stormrage's Talisman of Seething
2025-05-27,Thorgena,Stormrage's Talisman of Seething
2025-05-27,Thorgena,Stormrage's Talisman of Seething
2025-05-27,Dilphiv,The Castigator
2025-05-27,Imag,The Castigator
2025-05-27,Chimpsmage,The Restrained Essence of Sapphiron
2025-05-27,Hegrid,The Restrained Essence of Sapphiron
2025-05-27,Hegrid,The Restrained Essence of Sapphiron
2025-05-27,Kurdinn,The Restrained Essence of Sapphiron
2025-05-27,Kushcloud,The Restrained Essence of Sapphiron
2025-05-27,Trine,The Restrained Essence of Sapphiron
2025-05-27,Trine,The Restrained Essence of Sapphiron
2025-05-27,Briseis,Wand of Fates
2025-05-27,Mistam,Wraith Blade
2025-05-27,Huxli,Wristguards of Vengeance
2025-05-27,Sundergang,Wristguards of Vengeance
2025-10-14,Healsniper,Band of Unanswered Prayers
2025-10-14,Ares,Band of Unnatural Forces
2025-10-14,Huxli,Band of Unnatural Forces
2025-10-14,Imag,Band of Unnatural Forces
2025-10-14,Rusti,Band of Unnatural Forces
2025-10-14,Slout,Band of Unnatural Forces
2025-10-14,Vallanz,Cloak of the Necropolis
2025-10-14,Mazec,Desecrated Robe
2025-10-14,Mhorana,Desecrated Robe
2025-10-14,Calul,Doomfinger
2025-10-14,Grapedrink,Eye of the Dead
2025-10-14,Grapedrink,Eye of the Dead
2025-10-14,Groves,Eye of the Dead
2025-10-14,Holyfist,Eye of the Dead
2025-10-14,Mhorana,Eye of the Dead
2025-10-14,Mandraky,Gem of Trapped Innocents
2025-10-14,Ares,Girdle of the Mentor
2025-10-14,Macthorson,Girdle of the Mentor
2025-10-14,Saladbalding,Girdle of the Mentor
2025-10-14,Groves,Hammer of the Twisting Nether
2025-10-14,Holyfist,Hammer of the Twisting Nether
2025-10-14,Hurb,"Iblis, Blade of the Fallen Seraph"
2025-10-14,Mesmasshuu,"Iblis, Blade of the Fallen Seraph"
2025-10-14,Nomerdva,"Iblis, Blade of the Fallen Seraph"
2025-10-14,Ethos,Kingsfall
2025-10-14,Anticide,Kiss of the Spider
2025-10-14,Anticide,Kiss of the Spider
2025-10-14,Dilphiv,Kiss of the Spider
2025-10-14,Imag,Kiss of the Spider
2025-10-14,Michaelre,Kiss of the Spider
2025-10-14,Saladbalding,Kiss of the Spider
2025-10-14,Michaelre,Leggings of Apocalypse
2025-10-14,Greybush,Leggings of Polarity
2025-10-14,Andragan,Legplates of Carnage
2025-10-14,Andragan,Legplates of Carnage
2025-10-14,Mesmasshuu,Legplates of Carnage
2025-10-14,Darkwings,Libram of Light
2025-10-14,Darkwings,Libram of Light
2025-10-14,Healsniper,Libram of Light
2025-10-14,Patriot,Might of Menethil
2025-10-14,Zosodotter,Misplaced Servo Arm
2025-10-14,Abusementprk,Nerubian Slavemaker
2025-10-14,Meco,Nerubian Slavemaker
2025-10-14,Meco,Nerubian Slavemaker
2025-10-14,Hurb,Plated Abomination Ribcage
2025-10-14,Solidsmtx,Plated Abomination Ribcage
2025-10-14,Kushcloud,Rime Covered Mantle
2025-10-14,Vallanz,Rime Covered Mantle
2025-10-14,Mandraky,Sapphiron's Left Eye
2025-10-14,Patriot,Shield of Condemnation
2025-10-14,Ethos,Shroud of Dominion
2025-10-14,Huxli,Shroud of Dominion
2025-10-14,Dilphiv,Slayer's Crest
2025-10-14,Madder,Slayer's Crest
2025-10-14,Rusti,Slayer's Crest
2025-10-14,Slout,Slayer's Crest
2025-10-14,Sorschia,Soulstring
2025-10-14,Abusementprk,Stormrage's Talisman of Seething
2025-10-14,Gaping,Stormrage's Talisman of Seething
2025-10-14,Solidsmtx,Stormrage's Talisman of Seething
2025-10-14,Gaping,The Castigator
2025-10-14,Macthorson,The Castigator
2025-10-14,Nomerdva,The Castigator
2025-10-14,Madder,The Face of Death
2025-10-14,Deadcoiles,The Restrained Essence of Sapphiron
2025-10-14,Deadcoiles,The Restrained Essence of Sapphiron
2025-10-14,Greybush,The Restrained Essence of Sapphiron
2025-10-14,Calul,The Soul Harvester's Bindings
2025-10-14,Kushcloud,The Soul Harvester's Bindings
2025-10-14,Kurdinn,Wand of Fates
2025-10-14,Kurdinn,Wand of Fates
2025-10-14,Mazec,Wraith Blade
2025-10-14,Sorschia,Wristguards of Vengeance
2025-10-14,Zosodotter,Wristguards of Vengeance
2023-08-30,Baldbro,Band of Unanswered Prayers
2023-08-30,Cosmicheals,Band of Unanswered Prayers
2023-08-30,Fluttershye,Band of Unanswered Prayers
2023-08-30,Thurgood,Band of Unanswered Prayers
2023-08-30,Azzereth,Band of the Inevitable
2023-08-30,Uwudaddy,Band of the Inevitable
2023-08-30,Gandal,Crystal Webbed Robe
2023-08-30,Hegred,Crystal Webbed Robe
2023-08-30,Gome,Desecrated Belt
2023-08-30,Saacon,Desecrated Belt
2023-08-30,Integrity,Desecrated Boots
2023-08-30,Explore,Desecrated Bracers
2023-08-30,Falariss,Desecrated Bracers
2023-08-30,Airz,Desecrated Girdle
2023-08-30,Farquaad,Desecrated Girdle
2023-08-30,Zepii,Desecrated Girdle
2023-08-30,Briseis,Desecrated Gloves
2023-08-30,Cainbaid,Desecrated Gloves
2023-08-30,Accrohaizaa,Desecrated Handguards
2023-08-30,Farquaad,Desecrated Handguards
2023-08-30,Briseis,Desecrated Sandals
2023-08-30,Cainbaid,Desecrated Sandals
2023-08-30,Criptonico,Desecrated Waistguard
2023-08-30,Accrohaizaa,Desecrated Wristguards
2023-08-30,Gome,Gem of Nerubis
2023-08-30,Nabdru,Ghoul Skin Tunic
2023-08-30,Dingerbat,Girdle of the Mentor
2023-08-30,Dinoblunt,Girdle of the Mentor
2023-08-30,Tont,Girdle of the Mentor
2023-08-30,Paendrag,Harbinger of Doom
2023-08-30,Mictlantecuh,Hatchet of Sundered Bone
2023-08-30,Qtplants,Hatchet of Sundered Bone
2023-08-30,Zepii,Hatchet of Sundered Bone
2023-08-30,Bli,"Iblis, Blade of the Fallen Seraph"
2023-08-30,Dinoblunt,"Iblis, Blade of the Fallen Seraph"
2023-08-30,Tont,"Iblis, Blade of the Fallen Seraph"
2023-08-30,Paendrag,Icebane Pauldrons
2023-08-30,Branremix,Kiss of the Spider
2023-08-30,Criptonico,Kiss of the Spider
2023-08-30,Explore,Kiss of the Spider
2023-08-30,Marci,Kiss of the Spider
2023-08-30,Nabdru,Kiss of the Spider
2023-08-30,Stupidicus,Kiss of the Spider
2023-08-30,Dingerbat,Legplates of Carnage
2023-08-30,Gragas,Legplates of Carnage
2023-08-30,Locope,Legplates of Carnage
2023-08-30,Baldbro,Libram of Light
2023-08-30,Falariss,Maexxna's Fang
2023-08-30,Vaxie,Maexxna's Fang
2023-08-30,Vaxie,Maexxna's Fang
2023-08-30,Cleavadge,Misplaced Servo Arm
2023-08-30,Waumbek,Necklace of Necropsy
2023-08-30,Gandal,Necro-Knight's Garb
2023-08-30,Auntjamal,Preceptor's Hat
2023-08-30,Hegred,Preceptor's Hat
2023-08-30,Waumbek,Preceptor's Hat
2023-08-30,Slayedstacey,Spaulders of the Grand Crusader
2023-08-30,Airz,The Widow's Embrace
2023-08-30,Cosmicheals,The Widow's Embrace
2023-08-30,Fluttershye,The Widow's Embrace
2023-08-30,Integrity,The Widow's Embrace
2023-08-30,Thurgood,The Widow's Embrace
2023-08-30,Branremix,Widow's Remorse
2023-08-30,Marci,Widow's Remorse
2023-08-30,Panduuh,Widow's Remorse
2023-08-30,Panduuh,Widow's Remorse
2023-08-30,Qtplants,Widow's Remorse
2023-08-30,Audem,Wraith Blade
2023-08-30,Audem,Wraith Blade
2023-08-30,Auntjamal,Wraith Blade
2023-08-30,Azzereth,Wraith Blade
2023-08-30,Saacon,Wraith Blade
2023-08-30,Slayedstacey,Wraith Blade
2023-08-30,Uwudaddy,Wraith Blade
2023-08-30,Bli,Wristguards of Vengeance
2023-08-30,Cleavadge,Wristguards of Vengeance
2023-08-30,Gragas,Wristguards of Vengeance
2023-08-30,Locope,Wristguards of Vengeance
2023-08-30,Mictlantecuh,Wristguards of Vengeance
2023-08-30,Stupidicus,Wristguards of Vengeance
2024-07-16,Bossdelguapo,Band of Unanswered Prayers
2024-07-16,Ogbigzz,Band of Unanswered Prayers
2024-07-16,Finesse,Band of Unnatural Forces
2024-07-16,Mictlantecuh,Band of Unnatural Forces
2024-07-16,Vanishh,Band of Unnatural Forces
2024-07-16,Chimpsmage,Brimstone Staff
2024-07-16,Gandal,Cloak of the Necropolis
2024-07-16,Uwudaddy,Cloak of the Necropolis
2024-07-16,Resurrecctio,Desecrated Circlet
2024-07-16,Chimpsmage,Desecrated Robe
2024-07-16,Burkinafaso,Doomfinger
2024-07-16,Gandal,Doomfinger
2024-07-16,Lilanni,Eye of the Dead
2024-07-16,Mainevent,Eye of the Dead
2024-07-16,Mainevent,Eye of the Dead
2024-07-16,Ogbigzz,Eye of the Dead
2024-07-16,Pandaheals,Eye of the Dead
2024-07-16,Shaala,Eye of the Dead
2024-07-16,Shaala,Eye of the Dead
2024-07-16,Resurrecctio,Frostfire Ring
2024-07-16,Burkinafaso,Gem of Trapped Innocents
2024-07-16,Airz,Girdle of the Mentor
2024-07-16,Critzmcgee,Girdle of the Mentor
2024-07-16,Airz,Hammer of the Twisting Nether
2024-07-16,Bli,Hammer of the Twisting Nether
2024-07-16,Lilanni,Hammer of the Twisting Nether
2024-07-16,Spacepimp,Hammer of the Twisting Nether
2024-07-16,Spacepimp,Hammer of the Twisting Nether
2024-07-16,Moonee,Hatchet of Sundered Bone
2024-07-16,Ashi,"Iblis, Blade of the Fallen Seraph"
2024-07-16,Checkursix,"Iblis, Blade of the Fallen Seraph"
2024-07-16,Checkursix,"Iblis, Blade of the Fallen Seraph"
2024-07-16,Finesse,"Iblis, Blade of the Fallen Seraph"
2024-07-16,Jetrho,Kingsfall
2024-07-16,Abusementprk,Kiss of the Spider
2024-07-16,Abusementprk,Kiss of the Spider
2024-07-16,Feq,Kiss of the Spider
2024-07-16,Feq,Kiss of the Spider
2024-07-16,Glad,Kiss of the Spider
2024-07-16,Glad,Kiss of the Spider
2024-07-16,Mictlantecuh,Kiss of the Spider
2024-07-16,Nineteenhc,Kiss of the Spider
2024-07-16,Nineteenhc,Kiss of the Spider
2024-07-16,Pogg,Kiss of the Spider
2024-07-16,Ruug,Leggings of Apocalypse
2024-07-16,Supgap,Leggings of Polarity
2024-07-16,Dmackk,Legplates of Carnage
2024-07-16,Ábrams,Legplates of Carnage
2024-07-16,Impax,Loatheb's Reflection
2024-07-16,Arizana,Might of Menethil
2024-07-16,Aleice,Might of the Scourge
2024-07-16,Bli,Nerubian Slavemaker
2024-07-16,Ábrams,Plated Abomination Ribcage
2024-07-16,Rootz,Sadist's Collar
2024-07-16,Dmackk,Shroud of Dominion
2024-07-16,Mistaveeb,Shroud of Dominion
2024-07-16,Toxicalover,Shroud of Dominion
2024-07-16,Jetrho,Slayer's Crest
2024-07-16,Pogg,Slayer's Crest
2024-07-16,Rootz,Slayer's Crest
2024-07-16,Ruug,Slayer's Crest
2024-07-16,Vanishh,Slayer's Crest
2024-07-16,Critzmcgee,Soulstring
2024-07-16,Arizana,Stormrage's Talisman of Seething
2024-07-16,Chims,Stormrage's Talisman of Seething
2024-07-16,Mistaveeb,Stormrage's Talisman of Seething
2024-07-16,Aleice,The Castigator
2024-07-16,Ashi,The Castigator
2024-07-16,Toxicalover,The Castigator
2024-07-16,Moonee,The Face of Death
2024-07-16,Supgap,The Restrained Essence of Sapphiron
2024-07-16,Uwudaddy,The Restrained Essence of Sapphiron
2024-07-16,Waumbek,The Restrained Essence of Sapphiron
2024-07-16,Waumbek,The Restrained Essence of Sapphiron
2024-07-16,Bossdelguapo,The Widow's Embrace
2024-07-16,Impax,Veil of Eclipse
2024-07-16,Gome,Wand of Fates
2024-07-16,Gome,Wand of Fates
2024-07-16,Pandaheals,Wand of the Whispering Dead
2024-07-16,Chims,Wristguards of Vengeance
2025-08-05,Illadelph,Band of Unanswered Prayers
2025-08-05,Illadelph,Band of Unanswered Prayers
2025-08-05,Dwamasama,Band of Unnatural Forces
2025-08-05,Vanthur,Band of Unnatural Forces
2025-08-05,Deadcoiles,Band of the Inevitable
2025-08-05,Kushcloud,Cloak of the Necropolis
2025-08-05,Mandraky,Cloak of the Necropolis
2025-08-05,Vallanz,Desecrated Leggings
2025-08-05,Vallanz,Desecrated Robe
2025-08-05,Chimpsmage,Doomfinger
2025-08-05,Bravesrrobin,Eye of the Dead
2025-08-05,Bravesrrobin,Eye of the Dead
2025-08-05,Briseis,Eye of the Dead
2025-08-05,Darkwings,Eye of the Dead
2025-08-05,Rusti,Eye of the Dead
2025-08-05,Rusti,Eye of the Dead
2025-08-05,Twobraids,Eye of the Dead
2025-08-05,Abom,Girdle of the Mentor
2025-08-05,Ares,Girdle of the Mentor
2025-08-05,Macthorson,Girdle of the Mentor
2025-08-05,Saladbalding,Girdle of the Mentor
2025-08-05,Darkwings,Hammer of the Twisting Nether
2025-08-05,Feq,Hatchet of Sundered Bone
2025-08-05,Macthorson,Hatchet of Sundered Bone
2025-08-05,Jhonytank,"Iblis, Blade of the Fallen Seraph"
2025-08-05,Lagerthafury,"Iblis, Blade of the Fallen Seraph"
2025-08-05,Nomerdva,"Iblis, Blade of the Fallen Seraph"
2025-08-05,Vazec,Kingsfall
2025-08-05,Dilphiv,Kiss of the Spider
2025-08-05,Dwamasama,Kiss of the Spider
2025-08-05,Feq,Kiss of the Spider
2025-08-05,Mesmasshuu,Kiss of the Spider
2025-08-05,Saladbalding,Kiss of the Spider
2025-08-05,Slashi,Kiss of the Spider
2025-08-05,Slashi,Kiss of the Spider
2025-08-05,Zosokid,Kiss of the Spider
2025-08-05,Vanthur,Leggings of Apocalypse
2025-08-05,Greybush,Leggings of Polarity
2025-08-05,Abusementprk,Legplates of Carnage
2025-08-05,Michaelre,Legplates of Carnage
2025-08-05,Healsniper,Libram of Light
2025-08-05,Toxicalover,Might of the Scourge
2025-08-05,Vazec,Might of the Scourge
2025-08-05,Jhonytank,Misplaced Servo Arm
2025-08-05,Abusementprk,Nerubian Slavemaker
2025-08-05,Bli,Nerubian Slavemaker
2025-08-05,Bli,Nerubian Slavemaker
2025-08-05,Thorgenie,Nerubian Slavemaker
2025-08-05,Ares,Plated Abomination Ribcage
2025-08-05,Michaelre,Plated Abomination Ribcage
2025-08-05,Skiiska,Resilience of the Scourge
2025-08-05,Skiiska,Resilience of the Scourge
2025-08-05,Twobraids,Ring of Faith
2025-08-05,Trine,Sapphiron's Left Eye
2025-08-05,Healsniper,Shield of Condemnation
2025-08-05,Lagerthafury,Shroud of Dominion
2025-08-05,Madder,Shroud of Dominion
2025-08-05,Abom,Slayer's Crest
2025-08-05,Glad,Slayer's Crest
2025-08-05,Glad,Slayer's Crest
2025-08-05,Zosokid,Slayer's Crest
2025-08-05,Greybush,Soulseeker
2025-08-05,Madder,Stormrage's Talisman of Seething
2025-08-05,Thorgenie,Stormrage's Talisman of Seething
2025-08-05,Dilphiv,The Castigator
2025-08-05,Mesmasshuu,The Castigator
2025-08-05,Nomerdva,The Castigator
2025-08-05,Toxicalover,The Face of Death
2025-08-05,Briseis,The Restrained Essence of Sapphiron
2025-08-05,Chimpsmage,The Restrained Essence of Sapphiron
2025-08-05,Kurdinn,The Restrained Essence of Sapphiron
2025-08-05,Kurdinn,The Restrained Essence of Sapphiron
2025-08-05,Kushcloud,The Restrained Essence of Sapphiron
2025-08-05,Mandraky,The Restrained Essence of Sapphiron
2025-08-05,Trine,The Restrained Essence of Sapphiron
2025-08-05,Deadcoiles,Wand of Fates
2025-08-26,Healsniper,Band of Unanswered Prayers
2025-08-26,Ares,Band of Unnatural Forces
2025-08-26,Dwamasama,Band of Unnatural Forces
2025-08-26,Huxli,Band of Unnatural Forces
2025-08-26,Slout,Band of Unnatural Forces
2025-08-26,Coldbich,Brimstone Staff
2025-08-26,Kushcloud,Cloak of the Necropolis
2025-08-26,Vallanz,Cloak of the Necropolis
2025-08-26,Calul,Desecrated Circlet
2025-08-26,Mhorana,Desecrated Robe
2025-08-26,Vallanz,Desecrated Robe
2025-08-26,Coldbich,Desecrated Sandals
2025-08-26,Bravesrrobin,Eye of the Dead
2025-08-26,Bravesrrobin,Eye of the Dead
2025-08-26,Darkwings,Eye of the Dead
2025-08-26,Huxli,Girdle of the Mentor
2025-08-26,Macthorson,Girdle of the Mentor
2025-08-26,Saladbalding,Girdle of the Mentor
2025-08-26,Solidsmtx,Girdle of the Mentor
2025-08-26,Torreypines,Girdle of the Mentor
2025-08-26,Groves,Hammer of the Twisting Nether
2025-08-26,Groves,Hammer of the Twisting Nether
2025-08-26,Mhorana,Hammer of the Twisting Nether
2025-08-26,Wreckastow,Hammer of the Twisting Nether
2025-08-26,Mesmasshuu,"Iblis, Blade of the Fallen Seraph"
2025-08-26,Nomerdva,"Iblis, Blade of the Fallen Seraph"
2025-08-26,Dilphiv,Kiss of the Spider
2025-08-26,Dwamasama,Kiss of the Spider
2025-08-26,Michaelre,Kiss of the Spider
2025-08-26,Saladbalding,Kiss of the Spider
2025-08-26,Abusementprk,Leggings of Apocalypse
2025-08-26,Deadcoiles,Leggings of Polarity
2025-08-26,Lalamage,Leggings of Polarity
2025-08-26,Abusementprk,Legplates of Carnage
2025-08-26,Andragan,Legplates of Carnage
2025-08-26,Andragan,Legplates of Carnage
2025-08-26,Torreypines,Legplates of Carnage
2025-08-26,Darkwings,Libram of Light
2025-08-26,Healsniper,Libram of Light
2025-08-26,Ares,Might of the Scourge
2025-08-26,Madder,Might of the Scourge
2025-08-26,Glad,Nerubian Slavemaker
2025-08-26,Meco,Nerubian Slavemaker
2025-08-26,Meco,Nerubian Slavemaker
2025-08-26,Thorgenie,Nerubian Slavemaker
2025-08-26,Macthorson,Plated Abomination Ribcage
2025-08-26,Toxicalover,Plated Abomination Ribcage
2025-08-26,Skiiska,Resilience of the Scourge
2025-08-26,Skiiska,Resilience of the Scourge
2025-08-26,Greybush,Seal of the Damned
2025-08-26,Patriot,Shield of Condemnation
2025-08-26,Patriot,Shield of Condemnation
2025-08-26,Wreckastow,Shield of Condemnation
2025-08-26,Glad,Shroud of Dominion
2025-08-26,Rusti,Shroud of Dominion
2025-08-26,Dilphiv,Slayer's Crest
2025-08-26,Ghili,Slayer's Crest
2025-08-26,Ghili,Slayer's Crest
2025-08-26,Madder,Slayer's Crest
2025-08-26,Rusti,Slayer's Crest
2025-08-26,Greybush,Soulseeker
2025-08-26,Michaelre,Stormrage's Talisman of Seething
2025-08-26,Slout,Stormrage's Talisman of Seething
2025-08-26,Solidsmtx,Stormrage's Talisman of Seething
2025-08-26,Thorgenie,Stormrage's Talisman of Seething
2025-08-26,Mesmasshuu,The Castigator
2025-08-26,Nomerdva,The Castigator
2025-08-26,Toxicalover,The Face of Death
2025-08-26,Kushcloud,The Restrained Essence of Sapphiron
2025-08-26,Mandraky,The Restrained Essence of Sapphiron
2025-08-26,Mandraky,The Restrained Essence of Sapphiron
2025-08-26,Trine,The Restrained Essence of Sapphiron
2025-08-26,Trine,The Restrained Essence of Sapphiron
2025-08-26,Deadcoiles,Wand of Fates
2025-08-26,Kurdinn,Wand of Fates
2025-08-26,Kurdinn,Wand of Fates
2025-08-26,Calul,Wraith Blade
2025-08-26,Lalamage,Wraith Blade
2025-06-24,Alpineeyy,Band of Unnatural Forces
2025-06-24,Rusti,Band of Unnatural Forces
2025-06-24,Slashi,Band of Unnatural Forces
2025-06-24,Thorgenie,Band of Unnatural Forces
2025-06-24,Deadcoiles,Band of the Inevitable
2025-06-24,Gausstko,Band of the Inevitable
2025-06-24,Jetrho,Claw of the Frost Wyrm
2025-06-24,Chimpsmage,Cloak of the Necropolis
2025-06-24,Kushcloud,Cloak of the Necropolis
2025-06-24,Macthorson,Corrupted Ashbringer
2025-06-24,Numbrodos,Death's Bargain
2025-06-24,Taliss,Desecrated Spaulders
2025-06-24,Gausstko,Doomfinger
2025-06-24,Briseis,Eye of the Dead
2025-06-24,Darkwings,Eye of the Dead
2025-06-24,Joedeertae,Eye of the Dead
2025-06-24,Zenz,Ghoul Skin Tunic
2025-06-24,Gopnika,Girdle of the Mentor
2025-06-24,Huxli,Girdle of the Mentor
2025-06-24,Xorkal,Girdle of the Mentor
2025-06-24,Taliss,Gluth's Missing Collar
2025-06-24,Darkwings,Hammer of the Twisting Nether
2025-06-24,Feq,Hatchet of Sundered Bone
2025-06-24,Dwamasama,"Iblis, Blade of the Fallen Seraph"
2025-06-24,Helioss,"Iblis, Blade of the Fallen Seraph"
2025-06-24,Dilphiv,Kiss of the Spider
2025-06-24,Helioss,Kiss of the Spider
2025-06-24,Huxli,Kiss of the Spider
2025-06-24,Kirkybeast,Kiss of the Spider
2025-06-24,Kirkybeast,Kiss of the Spider
2025-06-24,Madder,Kiss of the Spider
2025-06-24,Madder,Kiss of the Spider
2025-06-24,Microgodx,Kiss of the Spider
2025-06-24,Microgodx,Kiss of the Spider
2025-06-24,Rowguhh,Kiss of the Spider
2025-06-24,Slashi,Kiss of the Spider
2025-06-24,Xorkal,Kiss of the Spider
2025-06-24,Feq,Leggings of Apocalypse
2025-06-24,Abusementprk,Legplates of Carnage
2025-06-24,Gopnika,Legplates of Carnage
2025-06-24,Pas,Libram of Light
2025-06-24,Toxicalover,Might of the Scourge
2025-06-24,Donzon,Nerubian Slavemaker
2025-06-24,Donzon,Nerubian Slavemaker
2025-06-24,Octoboss,Nerubian Slavemaker
2025-06-24,Dwamasama,Plated Abomination Ribcage
2025-06-24,Kenshy,Rime Covered Mantle
2025-06-24,Bravesrrobin,Sapphiron's Right Eye
2025-06-24,Pas,Shield of Condemnation
2025-06-24,Alpineeyy,Shroud of Dominion
2025-06-24,Glad,Slayer's Crest
2025-06-24,Glad,Slayer's Crest
2025-06-24,Octoboss,Slayer's Crest
2025-06-24,Rowguhh,Slayer's Crest
2025-06-24,Thorgenie,Slayer's Crest
2025-06-24,Toxicalover,Slayer's Crest
2025-06-24,Abusementprk,Stormrage's Talisman of Seething
2025-06-24,Jetrho,Stormrage's Talisman of Seething
2025-06-24,Rusti,Stormrage's Talisman of Seething
2025-06-24,Dilphiv,The Castigator
2025-06-24,Macthorson,The Castigator
2025-06-24,Zenz,The Castigator
2025-06-24,Zerpyfullmit,The Face of Death
2025-06-24,Briseis,The Restrained Essence of Sapphiron
2025-06-24,Chimpsmage,The Restrained Essence of Sapphiron
2025-06-24,Kurdinn,The Restrained Essence of Sapphiron
2025-06-24,Kurdinn,The Restrained Essence of Sapphiron
2025-06-24,Kushcloud,The Restrained Essence of Sapphiron
2025-06-24,Numbrodos,The Restrained Essence of Sapphiron
2025-06-24,Onefiftyone,The Restrained Essence of Sapphiron
2025-06-24,Onefiftyone,The Restrained Essence of Sapphiron
2025-06-24,Bravesrrobin,The Widow's Embrace
2025-06-24,Joedeertae,The Widow's Embrace
2025-06-24,Deadcoiles,Wand of Fates
2025-06-24,Kenshy,Wraith Blade
2025-06-24,Zerpyfullmit,Wristguards of Vengeance
2025-09-23,Ares,Band of Unnatural Forces
2025-09-23,Imag,Band of Unnatural Forces
2025-09-23,Moonee,Band of Unnatural Forces
2025-09-23,Rusti,Band of Unnatural Forces
2025-09-23,Slout,Band of Unnatural Forces
2025-09-23,Vallanz,Cloak of the Necropolis
2025-09-23,Wreckastow,Corrupted Ashbringer
2025-09-23,Bravesrrobin,Eye of the Dead
2025-09-23,Bravesrrobin,Eye of the Dead
2025-09-23,Briseis,Eye of the Dead
2025-09-23,Glad,Eye of the Dead
2025-09-23,Mhorana,Eye of the Dead
2025-09-23,Toxicalover,Eye of the Dead
2025-09-23,Kushcloud,Gem of Trapped Innocents
2025-09-23,Huxli,Girdle of the Mentor
2025-09-23,Huxli,Girdle of the Mentor
2025-09-23,Macthorson,Girdle of the Mentor
2025-09-23,Solidsmtx,Girdle of the Mentor
2025-09-23,Torreypines,Girdle of the Mentor
2025-09-23,Rayss,Hammer of the Twisting Nether
2025-09-23,Toxicalover,Hammer of the Twisting Nether
2025-09-23,Mesmasshuu,"Iblis, Blade of the Fallen Seraph"
2025-09-23,Yami,"Iblis, Blade of the Fallen Seraph"
2025-09-23,Anticide,Kiss of the Spider
2025-09-23,Anticide,Kiss of the Spider
2025-09-23,Dilphiv,Kiss of the Spider
2025-09-23,Michaelre,Kiss of the Spider
2025-09-23,Moonee,Kiss of the Spider
2025-09-23,Saladressing,Kiss of the Spider
2025-09-23,Saladressing,Kiss of the Spider
2025-09-23,Calul,Leggings of Polarity
2025-09-23,Vallanz,Leggings of Polarity
2025-09-23,Andragan,Legplates of Carnage
2025-09-23,Michaelre,Legplates of Carnage
2025-09-23,Torreypines,Legplates of Carnage
2025-09-23,Darkwings,Libram of Light
2025-09-23,Darkwings,Libram of Light
2025-09-23,Patriot,Might of Menethil
2025-09-23,Abusementprk,Nerubian Slavemaker
2025-09-23,Meco,Nerubian Slavemaker
2025-09-23,Meco,Nerubian Slavemaker
2025-09-23,Dwamasama,Plated Abomination Ribcage
2025-09-23,Macthorson,Plated Abomination Ribcage
2025-09-23,Solidsmtx,Plated Abomination Ribcage
2025-09-23,Kushcloud,Rime Covered Mantle
2025-09-23,Mhorana,Sapphiron's Right Eye
2025-09-23,Patriot,Shield of Condemnation
2025-09-23,Wreckastow,Shield of Condemnation
2025-09-23,Andragan,Shroud of Dominion
2025-09-23,Glad,Shroud of Dominion
2025-09-23,Ares,Slayer's Crest
2025-09-23,Dilphiv,Slayer's Crest
2025-09-23,Madder,Slayer's Crest
2025-09-23,Madder,Slayer's Crest
2025-09-23,Rusti,Slayer's Crest
2025-09-23,Yami,Slayer's Crest
2025-09-23,Greybush,Soulseeker
2025-09-23,Abusementprk,Stormrage's Talisman of Seething
2025-09-23,Dwamasama,Stormrage's Talisman of Seething
2025-09-23,Slout,Stormrage's Talisman of Seething
2025-09-23,Imag,The Castigator
2025-09-23,Mesmasshuu,The Castigator
2025-09-23,Briseis,The Restrained Essence of Sapphiron
2025-09-23,Deadcoiles,The Restrained Essence of Sapphiron
2025-09-23,Greybush,The Restrained Essence of Sapphiron
2025-09-23,Mandraky,The Restrained Essence of Sapphiron
2025-09-23,Mandraky,The Restrained Essence of Sapphiron
2025-09-23,Trine,The Restrained Essence of Sapphiron
2025-09-23,Trine,The Restrained Essence of Sapphiron
2025-09-23,Calul,The Soul Harvester's Bindings
2025-09-23,Deadcoiles,Wand of Fates
2025-09-23,Kurdinn,Wand of Fates
2025-09-23,Kurdinn,Wand of Fates
2025-09-23,Rayss,Wand of the Whispering Dead
2023-09-12,Nooga,Band of Reanimation
2023-09-12,Cosmicheals,Band of Unanswered Prayers
2023-09-12,Lava,Band of Unanswered Prayers
2023-09-12,Thurgood,Band of Unanswered Prayers
2023-09-12,Gandal,Band of the Inevitable
2023-09-12,Brisley,Desecrated Belt
2023-09-12,Gome,Desecrated Belt
2023-09-12,Joobiejablon,Desecrated Belt
2023-09-12,Reinheals,Desecrated Belt
2023-09-12,Mainevent,Desecrated Bindings
2023-09-12,Reinheals,Desecrated Bindings
2023-09-12,Accrohaizaa,Desecrated Boots
2023-09-12,Farquaad,Desecrated Boots
2023-09-12,Zepii,Desecrated Boots
2023-09-12,Branremix,Desecrated Bracers
2023-09-12,Falariss,Desecrated Bracers
2023-09-12,Tont,Desecrated Bracers
2023-09-12,Accrohaizaa,Desecrated Girdle
2023-09-12,Airz,Desecrated Girdle
2023-09-12,Cainbaid,Desecrated Gloves
2023-09-12,Waumbek,Desecrated Handguards
2023-09-12,Integrity,Desecrated Headpiece
2023-09-12,Marci,Desecrated Pauldrons
2023-09-12,Sekhmet,Desecrated Sabatons
2023-09-12,Brisley,Desecrated Sandals
2023-09-12,Cainbaid,Desecrated Sandals
2023-09-12,Gome,Desecrated Sandals
2023-09-12,Luciandra,Desecrated Shoulderpads
2023-09-12,Mainevent,Desecrated Shoulderpads
2023-09-12,Saacon,Desecrated Shoulderpads
2023-09-12,Integrity,Desecrated Spaulders
2023-09-12,Branremix,Desecrated Waistguard
2023-09-12,Baldbro,Desecrated Wristguards
2023-09-12,Farquaad,Desecrated Wristguards
2023-09-12,Zepii,Desecrated Wristguards
2023-09-12,Nabdru,Ghoul Skin Tunic
2023-09-12,Dinoblunt,Girdle of the Mentor
2023-09-12,Mictlantecuh,Girdle of the Mentor
2023-09-12,Locope,Hatchet of Sundered Bone
2023-09-12,Mictlantecuh,Hatchet of Sundered Bone
2023-09-12,Zenz,Hatchet of Sundered Bone
2023-09-12,Ava,"Iblis, Blade of the Fallen Seraph"
2023-09-12,Bethaylorn,"Iblis, Blade of the Fallen Seraph"
2023-09-12,Dinoblunt,"Iblis, Blade of the Fallen Seraph"
2023-09-12,Ava,Kiss of the Spider
2023-09-12,Stupidicus,Kiss of the Spider
2023-09-12,Tont,Kiss of the Spider
2023-09-12,Zenz,Kiss of the Spider
2023-09-12,Locope,Legplates of Carnage
2023-09-12,Baldbro,Libram of Light
2023-09-12,Falariss,Maexxna's Fang
2023-09-12,Sekhmet,Maexxna's Fang
2023-09-12,Cleavadge,Misplaced Servo Arm
2023-09-12,Rickytan,Misplaced Servo Arm
2023-09-12,Waumbek,Necklace of Necropsy
2023-09-12,Auntjamal,Preceptor's Hat
2023-09-12,Gandal,Preceptor's Hat
2023-09-12,Nooga,Signet of the Fallen Defender
2023-09-12,Cleavadge,The Castigator
2023-09-12,Rickytan,The Castigator
2023-09-12,Nabdru,The End of Dreams
2023-09-12,Airz,The Widow's Embrace
2023-09-12,Cosmicheals,The Widow's Embrace
2023-09-12,Thurgood,The Widow's Embrace
2023-09-12,Hegrid,Wand of Fates
2023-09-12,Hegrid,Wand of Fates
2023-09-12,Bethaylorn,Widow's Remorse
2023-09-12,Marci,Widow's Remorse
2023-09-12,Audem,Wraith Blade
2023-09-12,Audem,Wraith Blade
2023-09-12,Auntjamal,Wraith Blade
2023-09-12,Azzereth,Wraith Blade
2023-09-12,Azzereth,Wraith Blade
2023-09-12,Joobiejablon,Wraith Blade
2023-09-12,Luciandra,Wraith Blade
2023-09-12,Saacon,Wraith Blade
2023-09-12,Bli,Wristguards of Vengeance
2023-09-12,Bli,Wristguards of Vengeance
2023-09-12,Stupidicus,Wristguards of Vengeance
2025-02-04,Gduel,Band of Unanswered Prayers
2025-02-04,Blackstabath,Band of Unnatural Forces
2025-02-04,Blackstabath,Band of Unnatural Forces
2025-02-04,Poggt,Band of Unnatural Forces
2025-02-04,Onefiftyone,Brimstone Staff
2025-02-04,Fwprovider,Cloak of Suturing
2025-02-04,Ignomes,Cloak of the Necropolis
2025-02-04,Juka,Cloak of the Necropolis
2025-02-04,Dalabris,Corrupted Ashbringer
2025-02-04,Onefiftyone,Crystal Webbed Robe
2025-02-04,Lalamage,Desecrated Robe
2025-02-04,Mae,Eye of the Dead
2025-02-04,Rootz,Eye of the Dead
2025-02-04,Snugsafe,Eye of the Dead
2025-02-04,Burkarms,Girdle of the Mentor
2025-02-04,Feq,Girdle of the Mentor
2025-02-04,Knumb,Girdle of the Mentor
2025-02-04,Branremix,Hammer of the Twisting Nether
2025-02-04,Greybush,Hammer of the Twisting Nether
2025-02-04,Mae,Hammer of the Twisting Nether
2025-02-04,Zosokid,"Iblis, Blade of the Fallen Seraph"
2025-02-04,Huxx,Kingsfall
2025-02-04,Huxx,Kingsfall
2025-02-04,Poggt,Kingsfall
2025-02-04,Vanishh,Kingsfall
2025-02-04,Alpineey,Kiss of the Spider
2025-02-04,Alpineey,Kiss of the Spider
2025-02-04,Glad,Kiss of the Spider
2025-02-04,Glad,Kiss of the Spider
2025-02-04,Orcbane,Kiss of the Spider
2025-02-04,Rusti,Kiss of the Spider
2025-02-04,Rusti,Kiss of the Spider
2025-02-04,Shaala,Kiss of the Spider
2025-02-04,Shaala,Kiss of the Spider
2025-02-04,Balurn,Leggings of Apocalypse
2025-02-04,Jetrho,Leggings of Apocalypse
2025-02-04,Ignomes,Leggings of Polarity
2025-02-04,Abusementprk,Legplates of Carnage
2025-02-04,Madder,Legplates of Carnage
2025-02-04,Gduel,Libram of Light
2025-02-04,Dalabris,Might of Menethil
2025-02-04,Frostiwarr,Might of the Scourge
2025-02-04,Bli,Necklace of Necropsy
2025-02-04,Bli,Necklace of Necropsy
2025-02-04,Abusementprk,Nerubian Slavemaker
2025-02-04,Zosokid,Nerubian Slavemaker
2025-02-04,Greybush,Ring of Faith
2025-02-04,Flushh,Sapphiron's Left Eye
2025-02-04,Snugsafe,Sapphiron's Right Eye
2025-02-04,Checkursix,Shroud of Dominion
2025-02-04,Jetrho,Shroud of Dominion
2025-02-04,Vanishh,Shroud of Dominion
2025-02-04,Branremix,Slayer's Crest
2025-02-04,Burkarms,Slayer's Crest
2025-02-04,Mistaveeb,Slayer's Crest
2025-02-04,Mistaveeb,Slayer's Crest
2025-02-04,Orcbane,Slayer's Crest
2025-02-04,Rootz,Slayer's Crest
2025-02-04,Balurn,Soulstring
2025-02-04,Checkursix,Stormrage's Talisman of Seething
2025-02-04,Feq,Stormrage's Talisman of Seething
2025-02-04,Madder,The Castigator
2025-02-04,Knumb,The Face of Death
2025-02-04,Donzonæq,The Restrained Essence of Sapphiron
2025-02-04,Donzonæq,The Restrained Essence of Sapphiron
2025-02-04,Fatperez,The Restrained Essence of Sapphiron
2025-02-04,Flushh,The Restrained Essence of Sapphiron
2025-02-04,Hegrid,The Restrained Essence of Sapphiron
2025-02-04,Hegrid,The Restrained Essence of Sapphiron
2025-02-04,Skiiska,The Restrained Essence of Sapphiron
2025-02-04,Skiiska,The Soul Harvester's Bindings
2025-02-04,Fatperez,Wand of Fates
2025-02-04,Juka,Wand of Fates
2025-02-04,Fwprovider,Wand of the Whispering Dead
2025-02-04,Lalamage,Wraith Blade
2025-02-04,Frostiwarr,Wristguards of Vengeance
2024-07-23,Finesse,Band of Unnatural Forces
2024-07-23,Mictlantecuh,Band of Unnatural Forces
2024-07-23,Toxicalover,Band of Unnatural Forces
2024-07-23,Vanishh,Band of Unnatural Forces
2024-07-23,Spacepimp,Cloak of Suturing
2024-07-23,Scambena,Cloak of the Necropolis
2024-07-23,Skiiska,Cloak of the Necropolis
2024-07-23,Spacepimp,Corrupted Ashbringer
2024-07-23,Chimpsmage,Desecrated Circlet
2024-07-23,Gandal,Doomfinger
2024-07-23,Bli,Eye of the Dead
2024-07-23,Lilanni,Eye of the Dead
2024-07-23,Mainevent,Eye of the Dead
2024-07-23,Mainevent,Eye of the Dead
2024-07-23,Pandaheals,Eye of the Dead
2024-07-23,Shaala,Eye of the Dead
2024-07-23,Shaala,Eye of the Dead
2024-07-23,Scambena,Gem of Trapped Innocents
2024-07-23,Airz,Girdle of the Mentor
2024-07-23,Arizana,Girdle of the Mentor
2024-07-23,Airz,Hammer of the Twisting Nether
2024-07-23,Bli,Hammer of the Twisting Nether
2024-07-23,Branremix,Hammer of the Twisting Nether
2024-07-23,Burkhealz,Hammer of the Twisting Nether
2024-07-23,Lilanni,Hammer of the Twisting Nether
2024-07-23,Ashi,"Iblis, Blade of the Fallen Seraph"
2024-07-23,Checkursix,"Iblis, Blade of the Fallen Seraph"
2024-07-23,Checkursix,"Iblis, Blade of the Fallen Seraph"
2024-07-23,Finesse,"Iblis, Blade of the Fallen Seraph"
2024-07-23,Jetrho,Kingsfall
2024-07-23,Abusementprk,Kiss of the Spider
2024-07-23,Feq,Kiss of the Spider
2024-07-23,Feq,Kiss of the Spider
2024-07-23,Glad,Kiss of the Spider
2024-07-23,Glad,Kiss of the Spider
2024-07-23,Mictlantecuh,Kiss of the Spider
2024-07-23,Pogg,Kiss of the Spider
2024-07-23,Spectral,Kiss of the Spider
2024-07-23,Toxicalover,Kiss of the Spider
2024-07-23,Gugsx,Leggings of Apocalypse
2024-07-23,Donzonæq,Leggings of Polarity
2024-07-23,Supgap,Leggings of Polarity
2024-07-23,Critzmcgee,Legplates of Carnage
2024-07-23,Ábrams,Legplates of Carnage
2024-07-23,Impax,Loatheb's Reflection
2024-07-23,Arizana,Might of Menethil
2024-07-23,Aleice,Might of the Scourge
2024-07-23,Burkhealz,Necklace of Necropsy
2024-07-23,Alpineey,Nerubian Slavemaker
2024-07-23,Chims,Nerubian Slavemaker
2024-07-23,Gugsx,Nerubian Slavemaker
2024-07-23,Dilph,Plated Abomination Ribcage
2024-07-23,Bojjo,Power of the Scourge
2024-07-23,Chimpsmage,Rime Covered Mantle
2024-07-23,Rootz,Sadist's Collar
2024-07-23,Bojjo,Sapphiron's Left Eye
2024-07-23,Rootz,Sapphiron's Right Eye
2024-07-23,Skiiska,Seal of the Damned
2024-07-23,Mistaveeb,Shroud of Dominion
2024-07-23,Ábrams,Shroud of Dominion
2024-07-23,Dilph,Slayer's Crest
2024-07-23,Jetrho,Slayer's Crest
2024-07-23,Pogg,Slayer's Crest
2024-07-23,Spectral,Slayer's Crest
2024-07-23,Vanishh,Slayer's Crest
2024-07-23,Abusementprk,Stormrage's Talisman of Seething
2024-07-23,Alpineey,Stormrage's Talisman of Seething
2024-07-23,Knumb,Stormrage's Talisman of Seething
2024-07-23,Mistaveeb,Stormrage's Talisman of Seething
2024-07-23,Aleice,The Castigator
2024-07-23,Ashi,The Castigator
2024-07-23,Critzmcgee,The Castigator
2024-07-23,Supgap,The Restrained Essence of Sapphiron
2024-07-23,Gandal,The Soul Harvester's Bindings
2024-07-23,Branremix,The Widow's Embrace
2024-07-23,Impax,Veil of Eclipse
2024-07-23,Gome,Wand of Fates
2024-07-23,Gome,Wand of Fates
2024-07-23,Pandaheals,Wand of the Whispering Dead
2024-07-23,Donzonæq,Wraith Blade
2024-07-23,Chims,Wristguards of Vengeance
2024-07-23,Knumb,Wristguards of Vengeance
2025-07-08,Bussiebold,Band of Unanswered Prayers
2025-07-08,Donfrye,Band of Unnatural Forces
2025-07-08,Octoboss,Band of Unnatural Forces
2025-07-08,Rusti,Band of Unnatural Forces
2025-07-08,Slashi,Band of Unnatural Forces
2025-07-08,Zerpyxoxo,Band of Unnatural Forces
2025-07-08,Zerpyxoxo,Band of Unnatural Forces
2025-07-08,Deadcoiles,Band of the Inevitable
2025-07-08,Chimpsmage,Cloak of the Necropolis
2025-07-08,Mandraky,Cloak of the Necropolis
2025-07-08,Bli,Corrupted Ashbringer
2025-07-08,Bli,Corrupted Ashbringer
2025-07-08,Taliss,Desecrated Spaulders
2025-07-08,Bravesrrobin,Eye of the Dead
2025-07-08,Bussiebold,Eye of the Dead
2025-07-08,Darkwings,Eye of the Dead
2025-07-08,Dwarfjessus,Eye of the Dead
2025-07-08,Huxbraids,Eye of the Dead
2025-07-08,Feq,Girdle of the Mentor
2025-07-08,Torreypines,Girdle of the Mentor
2025-07-08,Taliss,Gluth's Missing Collar
2025-07-08,Bravesrrobin,Hammer of the Twisting Nether
2025-07-08,Darkwings,Hammer of the Twisting Nether
2025-07-08,Dwarfjessus,Hammer of the Twisting Nether
2025-07-08,Holyfist,Hammer of the Twisting Nether
2025-07-08,Holyfist,Hammer of the Twisting Nether
2025-07-08,Vimoy,Hammer of the Twisting Nether
2025-07-08,Feq,Hatchet of Sundered Bone
2025-07-08,Dwamasama,"Iblis, Blade of the Fallen Seraph"
2025-07-08,Jhonytank,"Iblis, Blade of the Fallen Seraph"
2025-07-08,Macthorson,"Iblis, Blade of the Fallen Seraph"
2025-07-08,Brawler,Kingsfall
2025-07-08,Dwamasama,Kiss of the Spider
2025-07-08,Giuseppina,Kiss of the Spider
2025-07-08,Madder,Kiss of the Spider
2025-07-08,Madder,Kiss of the Spider
2025-07-08,Mesmasshuu,Kiss of the Spider
2025-07-08,Slashi,Kiss of the Spider
2025-07-08,Giuseppina,Leggings of Apocalypse
2025-07-08,Mesmasshuu,Leggings of Apocalypse
2025-07-08,Abusementprk,Legplates of Carnage
2025-07-08,Torreypines,Legplates of Carnage
2025-07-08,Jhonytank,Misplaced Servo Arm
2025-07-08,Abusementprk,Nerubian Slavemaker
2025-07-08,Donzon,Nerubian Slavemaker
2025-07-08,Skiiska,Resilience of the Scourge
2025-07-08,Skiiska,Resilience of the Scourge
2025-07-08,Kenshy,Rime Covered Mantle
2025-07-08,Huxbraids,Sapphiron's Right Eye
2025-07-08,Kushcloud,Seal of the Damned
2025-07-08,Vimoy,Shield of Condemnation
2025-07-08,Brawler,Shroud of Dominion
2025-07-08,Donzon,Shroud of Dominion
2025-07-08,Glad,Slayer's Crest
2025-07-08,Glad,Slayer's Crest
2025-07-08,Octoboss,Slayer's Crest
2025-07-08,Rusti,Slayer's Crest
2025-07-08,Thorgenie,Slayer's Crest
2025-07-08,Toxicalover,Slayer's Crest
2025-07-08,Toxicalover,Slayer's Crest
2025-07-08,Alpineey,Stormrage's Talisman of Seething
2025-07-08,Alpineey,Stormrage's Talisman of Seething
2025-07-08,Donfrye,Stormrage's Talisman of Seething
2025-07-08,Thorgenie,Stormrage's Talisman of Seething
2025-07-08,Andragan,The Castigator
2025-07-08,Andragan,The Castigator
2025-07-08,Macthorson,The Castigator
2025-07-08,Chimpsmage,The Restrained Essence of Sapphiron
2025-07-08,Kurdinn,The Restrained Essence of Sapphiron
2025-07-08,Kurdinn,The Restrained Essence of Sapphiron
2025-07-08,Kushcloud,The Restrained Essence of Sapphiron
2025-07-08,Mandraky,The Restrained Essence of Sapphiron
2025-07-08,Onefiftyone,The Restrained Essence of Sapphiron
2025-07-08,Onefiftyone,The Restrained Essence of Sapphiron
2025-07-08,Trine,The Restrained Essence of Sapphiron
2025-07-08,Trine,The Restrained Essence of Sapphiron
2025-07-08,Deadcoiles,Wand of Fates
2025-07-08,Kenshy,Wraith Blade
2025-06-03,Holyfist,Band of Unanswered Prayers
2025-06-03,Donfrye,Band of Unnatural Forces
2025-06-03,Rusti,Band of Unnatural Forces
2025-06-03,Zenz,Band of Unnatural Forces
2025-06-03,Zerpyxoxo,Band of Unnatural Forces
2025-06-03,Zerpyxoxo,Band of Unnatural Forces
2025-06-03,Iketibby,Band of the Inevitable
2025-06-03,Borntodiee,Cloak of Suturing
2025-06-03,Bandondunes,Cloak of the Necropolis
2025-06-03,Marziel,Cloak of the Necropolis
2025-06-03,Deadcoiles,Desecrated Robe
2025-06-03,Briseis,Eye of the Dead
2025-06-03,Darkwings,Eye of the Dead
2025-06-03,Illadelph,Eye of the Dead
2025-06-03,Illadelph,Eye of the Dead
2025-06-03,Bandondunes,Gem of Trapped Innocents
2025-06-03,Marziel,Gem of Trapped Innocents
2025-06-03,Akkadian,Ghoul Skin Tunic
2025-06-03,Feq,Girdle of the Mentor
2025-06-03,Borntodiee,Hammer of the Twisting Nether
2025-06-03,Darkwings,Hammer of the Twisting Nether
2025-06-03,Holyfist,Hammer of the Twisting Nether
2025-06-03,Stradamusx,Hammer of the Twisting Nether
2025-06-03,Stradamusx,Hammer of the Twisting Nether
2025-06-03,Aile,Harbinger of Doom
2025-06-03,Valoriwar,Hatchet of Sundered Bone
2025-06-03,Dwamasama,"Iblis, Blade of the Fallen Seraph"
2025-06-03,Ghili,"Iblis, Blade of the Fallen Seraph"
2025-06-03,Nomerdva,"Iblis, Blade of the Fallen Seraph"
2025-06-03,Saladbalding,"Iblis, Blade of the Fallen Seraph"
2025-06-03,Akkadian,Kingsfall
2025-06-03,Orcbane,Kingsfall
2025-06-03,Dilphiv,Kiss of the Spider
2025-06-03,Dwamasama,Kiss of the Spider
2025-06-03,Huxli,Kiss of the Spider
2025-06-03,Huxli,Kiss of the Spider
2025-06-03,Madder,Kiss of the Spider
2025-06-03,Madder,Kiss of the Spider
2025-06-03,Microgodx,Kiss of the Spider
2025-06-03,Saladbalding,Leggings of Apocalypse
2025-06-03,Abusementprk,Legplates of Carnage
2025-06-03,Bli,Might of the Scourge
2025-06-03,Bli,Might of the Scourge
2025-06-03,Ghili,Might of the Scourge
2025-06-03,Imag,Might of the Scourge
2025-06-03,Valoriwar,Might of the Scourge
2025-06-03,Aile,Misplaced Servo Arm
2025-06-03,Reciprocate,Necklace of Necropsy
2025-06-03,Reciprocate,Necklace of Necropsy
2025-06-03,Abusementprk,Nerubian Slavemaker
2025-06-03,Feq,Nerubian Slavemaker
2025-06-03,Novely,Shroud of Dominion
2025-06-03,Orcbane,Shroud of Dominion
2025-06-03,Glad,Slayer's Crest
2025-06-03,Glad,Slayer's Crest
2025-06-03,Novely,Slayer's Crest
2025-06-03,Rusti,Slayer's Crest
2025-06-03,Alpineey,Stormrage's Talisman of Seething
2025-06-03,Alpineey,Stormrage's Talisman of Seething
2025-06-03,Donfrye,Stormrage's Talisman of Seething
2025-06-03,Microgodx,Stormrage's Talisman of Seething
2025-06-03,Dilphiv,The Castigator
2025-06-03,Imag,The Castigator
2025-06-03,Nomerdva,The Castigator
2025-06-03,Zenz,The Castigator
2025-06-03,Briseis,The Restrained Essence of Sapphiron
2025-06-03,Kurdinn,The Restrained Essence of Sapphiron
2025-06-03,Kurdinn,The Restrained Essence of Sapphiron
2025-06-03,Kushcloud,The Restrained Essence of Sapphiron
2025-06-03,Kushcloud,The Restrained Essence of Sapphiron
2025-06-03,Deadcoiles,Wand of Fates
2025-06-03,Iketibby,Wraith Blade
2025-02-25,Gduel,Band of Unanswered Prayers
2025-02-25,Deltgodx,Band of Unnatural Forces
2025-02-25,Glad,Band of Unnatural Forces
2025-02-25,Glo,Band of Unnatural Forces
2025-02-25,Onefiftyone,Brimstone Staff
2025-02-25,Fwprovider,Cloak of Suturing
2025-02-25,Onefiftyone,Crystal Webbed Robe
2025-02-25,Marbochnk,Desecrated Bindings
2025-02-25,Chambersbay,Desecrated Circlet
2025-02-25,Marbochnk,Desecrated Sandals
2025-02-25,Greybush,Desecrated Shoulderpads
2025-02-25,Arizana,Eye of the Dead
2025-02-25,Greybush,Eye of the Dead
2025-02-25,Kushcloud,Eye of the Dead
2025-02-25,Rootz,Eye of the Dead
2025-02-25,Juka,Gem of Trapped Innocents
2025-02-25,Burkarms,Girdle of the Mentor
2025-02-25,Feq,Girdle of the Mentor
2025-02-25,Knumb,Girdle of the Mentor
2025-02-25,Mlb,Girdle of the Mentor
2025-02-25,Branremix,Hammer of the Twisting Nether
2025-02-25,Kushcloud,Hammer of the Twisting Nether
2025-02-25,Shaala,Hammer of the Twisting Nether
2025-02-25,Shaala,Hammer of the Twisting Nether
2025-02-25,Huxx,"Iblis, Blade of the Fallen Seraph"
2025-02-25,Huxx,"Iblis, Blade of the Fallen Seraph"
2025-02-25,Lagerthafury,"Iblis, Blade of the Fallen Seraph"
2025-02-25,Poggt,Kingsfall
2025-02-25,Vanishh,Kingsfall
2025-02-25,Yasuke,Kingsfall
2025-02-25,Alpineey,Kiss of the Spider
2025-02-25,Alpineey,Kiss of the Spider
2025-02-25,Microgodx,Kiss of the Spider
2025-02-25,Rusti,Kiss of the Spider
2025-02-25,Rusti,Kiss of the Spider
2025-02-25,Frostiwarr,Leggings of Apocalypse
2025-02-25,Jetrho,Leggings of Apocalypse
2025-02-25,Flushh,Leggings of Polarity
2025-02-25,Glad,Legplates of Carnage
2025-02-25,Glo,Legplates of Carnage
2025-02-25,Poggt,Legplates of Carnage
2025-02-25,Frostiwarr,Might of Menethil
2025-02-25,Madder,Might of the Scourge
2025-02-25,Arizana,Necklace of Necropsy
2025-02-25,Bli,Necklace of Necropsy
2025-02-25,Bli,Necklace of Necropsy
2025-02-25,Gduel,Necklace of Necropsy
2025-02-25,Furiiosa,Nerubian Slavemaker
2025-02-25,Mlb,Plated Abomination Ribcage
2025-02-25,Chambersbay,Ring of Faith
2025-02-25,Trine,Sapphiron's Left Eye
2025-02-25,Deltgodx,Shroud of Dominion
2025-02-25,Jetrho,Shroud of Dominion
2025-02-25,Vanishh,Shroud of Dominion
2025-02-25,Airz,Slayer's Crest
2025-02-25,Airz,Slayer's Crest
2025-02-25,Branremix,Slayer's Crest
2025-02-25,Burkarms,Slayer's Crest
2025-02-25,Lagerthafury,Slayer's Crest
2025-02-25,Mistaveeb,Slayer's Crest
2025-02-25,Mistaveeb,Slayer's Crest
2025-02-25,Rootz,Slayer's Crest
2025-02-25,Madder,Stormrage's Talisman of Seething
2025-02-25,Microgodx,Stormrage's Talisman of Seething
2025-02-25,Furiiosa,The Castigator
2025-02-25,Knumb,The Face of Death
2025-02-25,Yasuke,The Phylactery of Kel'Thuzad
2025-02-25,Donzonæq,The Restrained Essence of Sapphiron
2025-02-25,Donzonæq,The Restrained Essence of Sapphiron
2025-02-25,Flushh,The Restrained Essence of Sapphiron
2025-02-25,Skiiska,The Restrained Essence of Sapphiron
2025-02-25,Skiiska,The Restrained Essence of Sapphiron
2025-02-25,Trine,The Restrained Essence of Sapphiron
2025-02-25,Juka,Wand of Fates
2025-02-25,Fwprovider,Wand of the Whispering Dead
2025-02-25,Feq,Wristguards of Vengeance
2024-07-09,Msbubble,Band of Unanswered Prayers
2024-07-09,Ogbigzz,Band of Unanswered Prayers
2024-07-09,Chims,Band of Unnatural Forces
2024-07-09,Chims,Band of Unnatural Forces
2024-07-09,Finesse,Band of Unnatural Forces
2024-07-09,Mictlantecuh,Band of Unnatural Forces
2024-07-09,Vanishh,Band of Unnatural Forces
2024-07-09,Gandal,Cloak of the Necropolis
2024-07-09,Spectral,Corrupted Ashbringer
2024-07-09,Burkinafaso,Doomfinger
2024-07-09,Gandal,Doomfinger
2024-07-09,Lilanni,Eye of the Dead
2024-07-09,Ogbigzz,Eye of the Dead
2024-07-09,Pandaheals,Eye of the Dead
2024-07-09,Pandaheals,Eye of the Dead
2024-07-09,Shaala,Eye of the Dead
2024-07-09,Shaala,Eye of the Dead
2024-07-09,Skiiska,Gem of Trapped Innocents
2024-07-09,Critzmcgee,Ghoul Skin Tunic
2024-07-09,Arizana,Girdle of the Mentor
2024-07-09,Microgodx,Girdle of the Mentor
2024-07-09,Toxicalover,Girdle of the Mentor
2024-07-09,Bli,Hammer of the Twisting Nether
2024-07-09,Branremix,Hammer of the Twisting Nether
2024-07-09,Lilanni,Hammer of the Twisting Nether
2024-07-09,Spacepimp,Hammer of the Twisting Nether
2024-07-09,Spacepimp,Hammer of the Twisting Nether
2024-07-09,Checkursix,"Iblis, Blade of the Fallen Seraph"
2024-07-09,Finesse,"Iblis, Blade of the Fallen Seraph"
2024-07-09,Mildumplin,"Iblis, Blade of the Fallen Seraph"
2024-07-09,Jetrho,Kingsfall
2024-07-09,Abusementprk,Kiss of the Spider
2024-07-09,Checkursix,Kiss of the Spider
2024-07-09,Feq,Kiss of the Spider
2024-07-09,Feq,Kiss of the Spider
2024-07-09,Glad,Kiss of the Spider
2024-07-09,Glad,Kiss of the Spider
2024-07-09,Mictlantecuh,Kiss of the Spider
2024-07-09,Ruug,Leggings of Apocalypse
2024-07-09,Burkinafaso,Leggings of Polarity
2024-07-09,Ábrams,Legplates of Carnage
2024-07-09,Airz,Might of Menethil
2024-07-09,Airz,Might of Menethil
2024-07-09,Spectral,Might of the Scourge
2024-07-09,Alpineey,Nerubian Slavemaker
2024-07-09,Bli,Nerubian Slavemaker
2024-07-09,Abusementprk,Plated Abomination Ribcage
2024-07-09,Impax,Power of the Scourge
2024-07-09,Rootz,Resilience of the Scourge
2024-07-09,Skiiska,Rime Covered Mantle
2024-07-09,Rootz,Sadist's Collar
2024-07-09,Bojjo,Sapphiron's Left Eye
2024-07-09,Uwudaddy,Sapphiron's Left Eye
2024-07-09,Bojjo,Seal of the Damned
2024-07-09,Mistaveeb,Shroud of Dominion
2024-07-09,Ábrams,Shroud of Dominion
2024-07-09,Jetrho,Slayer's Crest
2024-07-09,Nineteenhc,Slayer's Crest
2024-07-09,Nineteenhc,Slayer's Crest
2024-07-09,Ruug,Slayer's Crest
2024-07-09,Msbubble,Spire of Twilight
2024-07-09,Alpineey,Stormrage's Talisman of Seething
2024-07-09,Arizana,Stormrage's Talisman of Seething
2024-07-09,Microgodx,Stormrage's Talisman of Seething
2024-07-09,Mistaveeb,Stormrage's Talisman of Seething
2024-07-09,Aleice,The Castigator
2024-07-09,Critzmcgee,The Castigator
2024-07-09,Toxicalover,The Castigator
2024-07-09,Vanishh,The Phylactery of Kel'Thuzad
2024-07-09,Supgap,The Restrained Essence of Sapphiron
2024-07-09,Supgap,The Restrained Essence of Sapphiron
2024-07-09,Uwudaddy,The Restrained Essence of Sapphiron
2024-07-09,Waumbek,The Restrained Essence of Sapphiron
2024-07-09,Waumbek,The Restrained Essence of Sapphiron
2024-07-09,Branremix,The Widow's Embrace
2024-07-09,Gome,Wand of Fates
2024-07-09,Gome,Wand of Fates
2024-07-09,Aleice,Wristguards of Vengeance
2024-07-09,Mildumplin,Wristguards of Vengeance
2025-01-21,Gduel,Band of Unanswered Prayers
2025-01-21,Checkursix,Band of Unnatural Forces
2025-01-21,Docmcblock,Band of Unnatural Forces
2025-01-21,Michaelre,Band of Unnatural Forces
2025-01-21,Mlb,Band of Unnatural Forces
2025-01-21,Mìlfurion,Band of Unnatural Forces
2025-01-21,Vanishh,Claw of the Frost Wyrm
2025-01-21,Greybush,Cloak of Suturing
2025-01-21,Snugsafe,Cloak of Suturing
2025-01-21,Dalabris,Corrupted Ashbringer
2025-01-21,Saladblesing,Corrupted Ashbringer
2025-01-21,Shaala,Cryptfiend Silk Cloak
2025-01-21,Fatperez,Desecrated Robe
2025-01-21,Ignomes,Desecrated Sandals
2025-01-21,Skiiska,Doomfinger
2025-01-21,Arizana,Eye of the Dead
2025-01-21,Bli,Eye of the Dead
2025-01-21,Bli,Eye of the Dead
2025-01-21,Rootz,Eye of the Dead
2025-01-21,Snugsafe,Eye of the Dead
2025-01-21,Burkarms,Girdle of the Mentor
2025-01-21,Frostiwarr,Girdle of the Mentor
2025-01-21,Knumb,Girdle of the Mentor
2025-01-21,Redmangold,Hammer of the Twisting Nether
2025-01-21,Shaala,Hammer of the Twisting Nether
2025-01-21,Huxii,"Iblis, Blade of the Fallen Seraph"
2025-01-21,Vanishh,Kingsfall
2025-01-21,Alpineey,Kiss of the Spider
2025-01-21,Alpineey,Kiss of the Spider
2025-01-21,Frostiwarr,Kiss of the Spider
2025-01-21,Glad,Kiss of the Spider
2025-01-21,Glad,Kiss of the Spider
2025-01-21,Microgodx,Kiss of the Spider
2025-01-21,Mìlfurion,Kiss of the Spider
2025-01-21,Rusti,Kiss of the Spider
2025-01-21,Briseis,Leggings of Polarity
2025-01-21,Ignomes,Leggings of Polarity
2025-01-21,Abusementprk,Legplates of Carnage
2025-01-21,Madder,Legplates of Carnage
2025-01-21,Gduel,Libram of Light
2025-01-21,Dalabris,Might of Menethil
2025-01-21,Feq,Might of the Scourge
2025-01-21,Balurn,Misplaced Servo Arm
2025-01-21,Arizana,Necklace of Necropsy
2025-01-21,Pogg,Nerubian Slavemaker
2025-01-21,Burkarms,Plated Abomination Ribcage
2025-01-21,Saladblesing,Plated Abomination Ribcage
2025-01-21,Waumbek,Power of the Scourge
2025-01-21,Waumbek,Rime Covered Mantle
2025-01-21,Redmangold,Ring of Faith
2025-01-21,Juka,Seal of the Damned
2025-01-21,Prunes,Seal of the Damned
2025-01-21,Prunes,Seal of the Damned
2025-01-21,Abusementprk,Shroud of Dominion
2025-01-21,Checkursix,Shroud of Dominion
2025-01-21,Mistaveeb,Shroud of Dominion
2025-01-21,Mlb,Shroud of Dominion
2025-01-21,Docmcblock,Slayer's Crest
2025-01-21,Jetrho,Slayer's Crest
2025-01-21,Jetrho,Slayer's Crest
2025-01-21,Mistaveeb,Slayer's Crest
2025-01-21,Rootz,Slayer's Crest
2025-01-21,Rusti,Slayer's Crest
2025-01-21,Michaelre,Stormrage's Talisman of Seething
2025-01-21,Microgodx,Stormrage's Talisman of Seething
2025-01-21,Pogg,Stormrage's Talisman of Seething
2025-01-21,Balurn,The Castigator
2025-01-21,Madder,The Castigator
2025-01-21,Knumb,The Face of Death
2025-01-21,Huxii,The Phylactery of Kel'Thuzad
2025-01-21,Briseis,The Restrained Essence of Sapphiron
2025-01-21,Donzonæq,The Restrained Essence of Sapphiron
2025-01-21,Donzonæq,The Restrained Essence of Sapphiron
2025-01-21,Skiiska,The Soul Harvester's Bindings
2025-01-21,Juka,Wand of Fates
2025-01-21,Greybush,Wand of the Whispering Dead
2025-01-21,Fatperez,Wraith Blade
2025-01-21,Feq,Wristguards of Vengeance
2023-08-16,Baldbro,Band of Unanswered Prayers
2023-08-16,Bluntedstunt,Band of Unanswered Prayers
2023-08-16,Cainbaid,Band of Unanswered Prayers
2023-08-16,Cosmicheals,Band of Unanswered Prayers
2023-08-16,Fluttershye,Band of Unanswered Prayers
2023-08-16,Healingnips,Band of Unanswered Prayers
2023-08-16,Kurdinn,Band of the Inevitable
2023-08-16,Rootz,Cryptfiend Silk Cloak
2023-08-16,Fleeing,Desecrated Bindings
2023-08-16,Giveshards,Desecrated Bindings
2023-08-16,Explore,Desecrated Bracers
2023-08-16,Falariss,Desecrated Bracers
2023-08-16,Explore,Desecrated Gauntlets
2023-08-16,Integrity,Desecrated Girdle
2023-08-16,Lophunter,Desecrated Girdle
2023-08-16,Goody,Desecrated Sabatons
2023-08-16,Premonition,Desecrated Sabatons
2023-08-16,Fleeing,Desecrated Sandals
2023-08-16,Falariss,Desecrated Waistguard
2023-08-16,Goody,Desecrated Waistguard
2023-08-16,Integrity,Desecrated Wristguards
2023-08-16,Lophunter,Desecrated Wristguards
2023-08-16,Lavitzi,Frozen Rune
2023-08-16,Nabdru,Ghoul Skin Tunic
2023-08-16,Locope,Girdle of the Mentor
2023-08-16,Marci,Girdle of the Mentor
2023-08-16,Lebabex,Harbinger of Doom
2023-08-16,Boygirl,Hatchet of Sundered Bone
2023-08-16,Criptonico,Hatchet of Sundered Bone
2023-08-16,Mae,Hatchet of Sundered Bone
2023-08-16,Bethaylorn,"Iblis, Blade of the Fallen Seraph"
2023-08-16,Criptonico,"Iblis, Blade of the Fallen Seraph"
2023-08-16,Solanachain,"Iblis, Blade of the Fallen Seraph"
2023-08-16,Dinoblunt,Kiss of the Spider
2023-08-16,Dripstyle,Kiss of the Spider
2023-08-16,Lebabex,Kiss of the Spider
2023-08-16,Nabdru,Kiss of the Spider
2023-08-16,Panduuh,Kiss of the Spider
2023-08-16,Stupidicus,Kiss of the Spider
2023-08-16,Tont,Kiss of the Spider
2023-08-16,Dripstyle,Legplates of Carnage
2023-08-16,Gragas,Legplates of Carnage
2023-08-16,Fields,Libram of Light
2023-08-16,Ongfr,Maexxna's Fang
2023-08-16,Premonition,Maexxna's Fang
2023-08-16,Mae,Misplaced Servo Arm
2023-08-16,Mashle,Necro-Knight's Garb
2023-08-16,Azzereth,Ring of the Eternal Flame
2023-08-16,Gome,Ring of the Eternal Flame
2023-08-16,Rootz,Signet of the Fallen Defender
2023-08-16,Giveshards,Splinter of Atiesh
2023-08-16,Fields,Stygian Buckler
2023-08-16,Baldbro,The Widow's Embrace
2023-08-16,Bluntedstunt,The Widow's Embrace
2023-08-16,Cainbaid,The Widow's Embrace
2023-08-16,Cosmicheals,The Widow's Embrace
2023-08-16,Fluttershye,The Widow's Embrace
2023-08-16,Healingnips,The Widow's Embrace
2023-08-16,Jasii,The Widow's Embrace
2023-08-16,Jasii,Wand of the Whispering Dead
2023-08-16,Kurdinn,Wand of the Whispering Dead
2023-08-16,Lavitzi,Wartorn Plate Scrap
2023-08-16,Bethaylorn,Widow's Remorse
2023-08-16,Boygirl,Widow's Remorse
2023-08-16,Dinoblunt,Widow's Remorse
2023-08-16,Marci,Widow's Remorse
2023-08-16,Ongfr,Widow's Remorse
2023-08-16,Solanachain,Widow's Remorse
2023-08-16,Tont,Widow's Remorse
2023-08-16,Audem,Wraith Blade
2023-08-16,Audem,Wraith Blade
2023-08-16,Azzereth,Wraith Blade
2023-08-16,Durrza,Wraith Blade
2023-08-16,Durrza,Wraith Blade
2023-08-16,Gome,Wraith Blade
2023-08-16,Mashle,Wraith Blade
2023-08-16,Bli,Wristguards of Vengeance
2023-08-16,Bli,Wristguards of Vengeance
2023-08-16,Gragas,Wristguards of Vengeance
2023-08-16,Locope,Wristguards of Vengeance
2023-08-16,Panduuh,Wristguards of Vengeance
2023-08-16,Stupidicus,Wristguards of Vengeance
2025-09-02,Darkwings,Band of Unanswered Prayers
2025-09-02,Ares,Band of Unnatural Forces
2025-09-02,Moonee,Band of Unnatural Forces
2025-09-02,Rusti,Band of Unnatural Forces
2025-09-02,Slashi,Band of Unnatural Forces
2025-09-02,Vallanz,Cloak of the Necropolis
2025-09-02,Helingg,Desecrated Leggings
2025-09-02,Vallanz,Desecrated Robe
2025-09-02,Helingg,Desecrated Sandals
2025-09-02,Briseis,Eye of the Dead
2025-09-02,Grapedrink,Eye of the Dead
2025-09-02,Healsniper,Eye of the Dead
2025-09-02,Patriot,Eye of the Dead
2025-09-02,Huxli,Girdle of the Mentor
2025-09-02,Huxli,Girdle of the Mentor
2025-09-02,Macthorson,Girdle of the Mentor
2025-09-02,Saladbalding,Girdle of the Mentor
2025-09-02,Solidsmtx,Girdle of the Mentor
2025-09-02,Grapedrink,Hammer of the Twisting Nether
2025-09-02,Groves,Hammer of the Twisting Nether
2025-09-02,Mhorana,Hammer of the Twisting Nether
2025-09-02,Toxicalover,Hammer of the Twisting Nether
2025-09-02,Airdass,"Iblis, Blade of the Fallen Seraph"
2025-09-02,Mesmasshuu,"Iblis, Blade of the Fallen Seraph"
2025-09-02,Nomerdva,"Iblis, Blade of the Fallen Seraph"
2025-09-02,Anticide,Kiss of the Spider
2025-09-02,Dilphiv,Kiss of the Spider
2025-09-02,Dwamasama,Kiss of the Spider
2025-09-02,Microgodx,Kiss of the Spider
2025-09-02,Microgodx,Kiss of the Spider
2025-09-02,Saladbalding,Kiss of the Spider
2025-09-02,Slashi,Kiss of the Spider
2025-09-02,Deadcoiles,Leggings of Polarity
2025-09-02,Abusementprk,Legplates of Carnage
2025-09-02,Abusementprk,Legplates of Carnage
2025-09-02,Darkwings,Libram of Light
2025-09-02,Healsniper,Libram of Light
2025-09-02,Madder,Might of the Scourge
2025-09-02,Airdass,Nerubian Slavemaker
2025-09-02,Glad,Nerubian Slavemaker
2025-09-02,Meco,Nerubian Slavemaker
2025-09-02,Meco,Nerubian Slavemaker
2025-09-02,Avecz,Plated Abomination Ribcage
2025-09-02,Dwamasama,Plated Abomination Ribcage
2025-09-02,Macthorson,Plated Abomination Ribcage
2025-09-02,Calul,Rime Covered Mantle
2025-09-02,Greybush,Sapphiron's Left Eye
2025-09-02,Groves,Sapphiron's Right Eye
2025-09-02,Patriot,Shield of Condemnation
2025-09-02,Ares,Shroud of Dominion
2025-09-02,Glad,Shroud of Dominion
2025-09-02,Moonee,Shroud of Dominion
2025-09-02,Slout,Shroud of Dominion
2025-09-02,Anticide,Slayer's Crest
2025-09-02,Dilphiv,Slayer's Crest
2025-09-02,Michaelre,Slayer's Crest
2025-09-02,Rusti,Slayer's Crest
2025-09-02,Greybush,Soulseeker
2025-09-02,Avecz,Stormrage's Talisman of Seething
2025-09-02,Michaelre,Stormrage's Talisman of Seething
2025-09-02,Slout,Stormrage's Talisman of Seething
2025-09-02,Solidsmtx,Stormrage's Talisman of Seething
2025-09-02,Mesmasshuu,The Castigator
2025-09-02,Nomerdva,The Castigator
2025-09-02,Madder,The Face of Death
2025-09-02,Briseis,The Restrained Essence of Sapphiron
2025-09-02,Mandraky,The Restrained Essence of Sapphiron
2025-09-02,Mandraky,The Restrained Essence of Sapphiron
2025-09-02,Trine,The Restrained Essence of Sapphiron
2025-09-02,Trine,The Restrained Essence of Sapphiron
2025-09-02,Mhorana,The Widow's Embrace
2025-09-02,Toxicalover,The Widow's Embrace
2025-09-02,Deadcoiles,Wand of Fates
2025-09-02,Kurdinn,Wand of Fates
2025-09-02,Kurdinn,Wand of Fates
2025-09-02,Calul,Wraith Blade
2023-10-24,Zepii,Band of Reanimation
2023-10-24,Cosmicheals,Band of Unanswered Prayers
2023-10-24,Gandal,Band of Unanswered Prayers
2023-10-24,Integrity,Band of Unanswered Prayers
2023-10-24,Kurdinn,Band of Unanswered Prayers
2023-10-24,Prunes,Band of Unanswered Prayers
2023-10-24,Prunes,Band of Unanswered Prayers
2023-10-24,Bli,Band of Unnatural Forces
2023-10-24,Cleavadge,Band of Unnatural Forces
2023-10-24,Mistaveeb,Band of Unnatural Forces
2023-10-24,Checkursix,Boots of Displacement
2023-10-24,Burkinafaso,Brimstone Staff
2023-10-24,Waumbek,Cloak of Suturing
2023-10-24,Airz,Death's Bargain
2023-10-24,Integrity,Death's Bargain
2023-10-24,Thurgood,Desecrated Bindings
2023-10-24,Cosmicheals,Desecrated Boots
2023-10-24,Miltonmane,Desecrated Boots
2023-10-24,Zepii,Desecrated Boots
2023-10-24,Audem,Desecrated Circlet
2023-10-24,Eronimo,Desecrated Circlet
2023-10-24,Kurdinn,Desecrated Circlet
2023-10-24,Mainevent,Desecrated Circlet
2023-10-24,Saacon,Desecrated Circlet
2023-10-24,Uwudaddy,Desecrated Circlet
2023-10-24,Miltonmane,Desecrated Girdle
2023-10-24,Accrohaizaa,Desecrated Headpiece
2023-10-24,Saacon,Desecrated Robe
2023-10-24,Thurgood,Desecrated Sandals
2023-10-24,Azzereth,Desecrated Shoulderpads
2023-10-24,Gandal,Desecrated Shoulderpads
2023-10-24,Accrohaizaa,Desecrated Tunic
2023-10-24,Ava,Girdle of the Mentor
2023-10-24,Dinoblunt,Girdle of the Mentor
2023-10-24,Falariss,Harbinger of Doom
2023-10-24,Paendrag,Harbinger of Doom
2023-10-24,Paendrag,Harbinger of Doom
2023-10-24,Locope,Hatchet of Sundered Bone
2023-10-24,Nineteenhc,"Iblis, Blade of the Fallen Seraph"
2023-10-24,Nineteenhc,"Iblis, Blade of the Fallen Seraph"
2023-10-24,Zenz,"Iblis, Blade of the Fallen Seraph"
2023-10-24,Ava,Kiss of the Spider
2023-10-24,Locope,Kiss of the Spider
2023-10-24,Mcballs,Kiss of the Spider
2023-10-24,Rootz,Kiss of the Spider
2023-10-24,Burkinafaso,Leggings of Polarity
2023-10-24,Gome,Leggings of Polarity
2023-10-24,Bethaylorn,Legplates of Carnage
2023-10-24,Cleavadge,Legplates of Carnage
2023-10-24,Airz,Libram of Light
2023-10-24,Falariss,Maexxna's Fang
2023-10-24,Rickytan,Misplaced Servo Arm
2023-10-24,Rickytan,Misplaced Servo Arm
2023-10-24,Mistaveeb,Plated Abomination Ribcage
2023-10-24,Pogg,Plated Abomination Ribcage
2023-10-24,Joobiejablon,Rime Covered Mantle
2023-10-24,Gome,Ring of the Eternal Flame
2023-10-24,Checkursix,Sadist's Collar
2023-10-24,Branremix,The Castigator
2023-10-24,Dinoblunt,The Castigator
2023-10-24,Mcballs,The Castigator
2023-10-24,Mictlantecuh,The Castigator
2023-10-24,Pogg,The Castigator
2023-10-24,Rootz,The End of Dreams
2023-10-24,Briseis,The Soul Harvester's Bindings
2023-10-24,Branremix,The Widow's Embrace
2023-10-24,Waumbek,The Widow's Embrace
2023-10-24,Briseis,Wand of Fates
2023-10-24,Hegrid,Wand of Fates
2023-10-24,Hegrid,Wand of Fates
2023-10-24,Uwudaddy,Wand of Fates
2023-10-24,Mainevent,Wand of the Whispering Dead
2023-10-24,Mictlantecuh,Widow's Remorse
2023-10-24,Zenz,Widow's Remorse
2023-10-24,Audem,Wraith Blade
2023-10-24,Azzereth,Wraith Blade
2023-10-24,Eronimo,Wraith Blade
2023-10-24,Joobiejablon,Wraith Blade
2023-10-24,Bethaylorn,Wristguards of Vengeance
2023-10-24,Bli,Wristguards of Vengeance
2026-02-17,Griezman,Band of Unanswered Prayers
2026-02-17,Dilphiv,Band of Unnatural Forces
2026-02-17,Goondini,Band of Unnatural Forces
2026-02-17,Mesmasshuu,Band of Unnatural Forces
2026-02-17,Torreypines,Band of Unnatural Forces
2026-02-17,Dochoeliday,Cloak of Suturing
2026-02-17,Babylemonade,Cloak of the Necropolis
2026-02-17,Cezar,Cloak of the Necropolis
2026-02-17,Macthorson,Corrupted Ashbringer
2026-02-17,Zosokid,Cryptfiend Silk Cloak
2026-02-17,Chimpsmage,Doomfinger
2026-02-17,Caludin,Eye of the Dead
2026-02-17,Crazedeyes,Eye of the Dead
2026-02-17,Kushface,Eye of the Dead
2026-02-17,Kushface,Eye of the Dead
2026-02-17,Titiheal,Eye of the Dead
2026-02-17,Madder,Girdle of the Mentor
2026-02-17,Mesmasshuu,Girdle of the Mentor
2026-02-17,Tyranil,Girdle of the Mentor
2026-02-17,Caludin,Hammer of the Twisting Nether
2026-02-17,Lalmoriel,Hammer of the Twisting Nether
2026-02-17,Stradamusx,Hammer of the Twisting Nether
2026-02-17,Stradamusx,Hammer of the Twisting Nether
2026-02-17,Titiheal,Hammer of the Twisting Nether
2026-02-17,Yeehaw,Hammer of the Twisting Nether
2026-02-17,Aile,Harbinger of Doom
2026-02-17,Abusementpar,"Iblis, Blade of the Fallen Seraph"
2026-02-17,Anasha,Kingsfall
2026-02-17,Anasha,Kingsfall
2026-02-17,Vazec,Kingsfall
2026-02-17,Abusementpar,Kiss of the Spider
2026-02-17,Aile,Kiss of the Spider
2026-02-17,Anticide,Kiss of the Spider
2026-02-17,Anticide,Kiss of the Spider
2026-02-17,Letankx,Kiss of the Spider
2026-02-17,Macthorson,Kiss of the Spider
2026-02-17,Moonee,Kiss of the Spider
2026-02-17,Ofrenda,Kiss of the Spider
2026-02-17,Ofrenda,Kiss of the Spider
2026-02-17,Heimdall,Leggings of Apocalypse
2026-02-17,Letankx,Legplates of Carnage
2026-02-17,Solidsmtx,Legplates of Carnage
2026-02-17,Tyranil,Legplates of Carnage
2026-02-17,Vazec,Might of the Scourge
2026-02-17,Zosokid,Might of the Scourge
2026-02-17,Dochoeliday,Necklace of Necropsy
2026-02-17,Griezman,Necklace of Necropsy
2026-02-17,Glad,Nerubian Slavemaker
2026-02-17,Glad,Nerubian Slavemaker
2026-02-17,Kennyypowers,Nerubian Slavemaker
2026-02-17,Kennyypowers,Nerubian Slavemaker
2026-02-17,Goondini,Plated Abomination Ribcage
2026-02-17,Heimdall,Plated Abomination Ribcage
2026-02-17,Aoeaoeaoeaoe,Rime Covered Mantle
2026-02-17,Crazedeyes,Ring of Faith
2026-02-17,Cezar,Sadist's Collar
2026-02-17,Jackfrost,Sapphiron's Left Eye
2026-02-17,Lalmoriel,Sapphiron's Right Eye
2026-02-17,Yeehaw,Sapphiron's Right Eye
2026-02-17,Slout,Shroud of Dominion
2026-02-17,Dilphiv,Slayer's Crest
2026-02-17,Rusti,Slayer's Crest
2026-02-17,Rusti,Slayer's Crest
2026-02-17,Slout,Slayer's Crest
2026-02-17,Solidsmtx,Slayer's Crest
2026-02-17,Torreypines,Slayer's Crest
2026-02-17,Mikassa,Soulseeker
2026-02-17,Madder,Stormrage's Talisman of Seething
2026-02-17,Moonee,Stormrage's Talisman of Seething
2026-02-17,Babylemonade,The Restrained Essence of Sapphiron
2026-02-17,Chimpsmage,The Restrained Essence of Sapphiron
2026-02-17,Aoeaoeaoeaoe,The Soul Harvester's Bindings
2026-02-17,Jackfrost,Wraith Blade
2026-02-17,Mikassa,Wraith Blade
2023-11-21,Cleavadge,Band of Unnatural Forces
2023-11-21,Mistaveeb,Band of Unnatural Forces
2023-11-21,Pogg,Band of Unnatural Forces
2023-11-21,Azzereth,Cloak of the Necropolis
2023-11-21,Burkinafaso,Cloak of the Necropolis
2023-11-21,Rootz,Cloak of the Scourge
2023-11-21,Airz,Corrupted Ashbringer
2023-11-21,Integrity,Corrupted Ashbringer
2023-11-21,Censer,Desecrated Boots
2023-11-21,Ruug,Desecrated Boots
2023-11-21,Saacon,Desecrated Circlet
2023-11-21,Baldbro,Desecrated Headpiece
2023-11-21,Kurdinn,Desecrated Robe
2023-11-21,Mainevent,Desecrated Robe
2023-11-21,Saacon,Desecrated Robe
2023-11-21,Tekilalove,Desecrated Sandals
2023-11-21,Kurdinn,Desecrated Shoulderpads
2023-11-21,Thurgood,Desecrated Shoulderpads
2023-11-21,Baldbro,Desecrated Spaulders
2023-11-21,Waumbek,Desecrated Tunic
2023-11-21,Jensin,Doomfinger
2023-11-21,Miltonmane,Eye of the Dead
2023-11-21,Paendrag,Eye of the Dead
2023-11-21,Gome,Gem of Trapped Innocents
2023-11-21,Nineteenhc,Ghoul Skin Tunic
2023-11-21,Branremix,Girdle of the Mentor
2023-11-21,Graeggar,Girdle of the Mentor
2023-11-21,Xorkal,Girdle of the Mentor
2023-11-21,Checkursix,"Gressil, Dawn of Ruin"
2023-11-21,Tont,"Gressil, Dawn of Ruin"
2023-11-21,Censer,Hammer of the Twisting Nether
2023-11-21,Integrity,Hammer of the Twisting Nether
2023-11-21,Thurgood,Hammer of the Twisting Nether
2023-11-21,Paendrag,Harbinger of Doom
2023-11-21,Checkursix,"Iblis, Blade of the Fallen Seraph"
2023-11-21,Mcballs,"Iblis, Blade of the Fallen Seraph"
2023-11-21,Mictlantecuh,"Iblis, Blade of the Fallen Seraph"
2023-11-21,Ava,Kiss of the Spider
2023-11-21,Falariss,Kiss of the Spider
2023-11-21,Falariss,Kiss of the Spider
2023-11-21,Mcballs,Kiss of the Spider
2023-11-21,Pogg,Kiss of the Spider
2023-11-21,Rootz,Leggings of Apocalypse
2023-11-21,Nineteenhc,Legplates of Carnage
2023-11-21,Airz,Might of Menethil
2023-11-21,Dinoblunt,Might of Menethil
2023-11-21,Rickytan,Misplaced Servo Arm
2023-11-21,Rickytan,Misplaced Servo Arm
2023-11-21,Waumbek,Necklace of Necropsy
2023-11-21,Farquaad,Nerubian Slavemaker
2023-11-21,Ruug,Nerubian Slavemaker
2023-11-21,Hegrid,Rime Covered Mantle
2023-11-21,Jensin,Sapphiron's Right Eye
2023-11-21,Uwudaddy,Seal of the Damned
2023-11-21,Miltonmane,Shield of Condemnation
2023-11-21,Mistaveeb,Shroud of Dominion
2023-11-21,Ava,Slayer's Crest
2023-11-21,Farquaad,Slayer's Crest
2023-11-21,Xorkal,Slayer's Crest
2023-11-21,Gandal,Soulseeker
2023-11-21,Bli,Stormrage's Talisman of Seething
2023-11-21,Branremix,The Castigator
2023-11-21,Dinoblunt,The Castigator
2023-11-21,Mictlantecuh,The Castigator
2023-11-21,Bli,The Face of Death
2023-11-21,Cleavadge,The Hungering Cold
2023-11-21,Graeggar,The Hungering Cold
2023-11-21,Zenz,The Hungering Cold
2023-11-21,Azzereth,The Restrained Essence of Sapphiron
2023-11-21,Gandal,The Restrained Essence of Sapphiron
2023-11-21,Hegrid,The Soul Harvester's Bindings
2023-11-21,Gome,Wand of Fates
2023-11-21,Uwudaddy,Wand of Fates
2023-11-21,Mainevent,Wand of the Whispering Dead
2023-11-21,Tont,Widow's Remorse
2023-11-21,Zenz,Widow's Remorse
2023-11-21,Burkinafaso,Wraith Blade
2023-11-21,Tekilalove,Wraith Blade
2023-11-15,Checkursix,Claw of the Frost Wyrm
2023-11-15,Badhygiene,Cloak of the Necropolis
2023-11-15,Burkinafaso,Cloak of the Necropolis
2023-11-15,Thalantyr,Cloak of the Necropolis
2023-11-15,Airz,Corrupted Ashbringer
2023-11-15,Baldbro,Corrupted Ashbringer
2023-11-15,Censer,Desecrated Boots
2023-11-15,Checkursix,Desecrated Breastplate
2023-11-15,Dinoblunt,Desecrated Breastplate
2023-11-15,Paendrag,Desecrated Breastplate
2023-11-15,Eronimo,Desecrated Robe
2023-11-15,Kurdinn,Desecrated Robe
2023-11-15,Mainevent,Desecrated Robe
2023-11-15,Tekilalove,Desecrated Robe
2023-11-15,Baldbro,Desecrated Tunic
2023-11-15,Jensin,Doomfinger
2023-11-15,Cosmicheals,Eye of the Dead
2023-11-15,Thurgood,Eye of the Dead
2023-11-15,Waumbek,Eye of the Dead
2023-11-15,Gandal,Fortitude of the Scourge
2023-11-15,Briseis,Gem of Trapped Innocents
2023-11-15,Kurdinn,Gem of Trapped Innocents
2023-11-15,Alzera,"Gressil, Dawn of Ruin"
2023-11-15,Ava,"Gressil, Dawn of Ruin"
2023-11-15,Cleavadge,"Gressil, Dawn of Ruin"
2023-11-15,Crsw,"Gressil, Dawn of Ruin"
2023-11-15,Crsw,"Gressil, Dawn of Ruin"
2023-11-15,Mcballs,"Gressil, Dawn of Ruin"
2023-11-15,Sovicious,"Gressil, Dawn of Ruin"
2023-11-15,Cosmicheals,Hammer of the Twisting Nether
2023-11-15,Miltonmane,Hammer of the Twisting Nether
2023-11-15,Prunes,Hammer of the Twisting Nether
2023-11-15,Prunes,Hammer of the Twisting Nether
2023-11-15,Thurgood,Hammer of the Twisting Nether
2023-11-15,Paendrag,Kingsfall
2023-11-15,Airz,Might of Menethil
2023-11-15,Dinoblunt,Might of Menethil
2023-11-15,Graeggar,Might of the Scourge
2023-11-15,Nineteenhc,Might of the Scourge
2023-11-15,Nineteenhc,Might of the Scourge
2023-11-15,Dru,Nerubian Slavemaker
2023-11-15,Dru,Nerubian Slavemaker
2023-11-15,Farquaad,Nerubian Slavemaker
2023-11-15,Farquaad,Nerubian Slavemaker
2023-11-15,Ruug,Nerubian Slavemaker
2023-11-15,Ruug,Nerubian Slavemaker
2023-11-15,Mainevent,Ring of Faith
2023-11-15,Censer,Ring of Redemption
2023-11-15,Falariss,Sadist's Collar
2023-11-15,Gome,Sapphiron's Left Eye
2023-11-15,Tekilalove,Sapphiron's Left Eye
2023-11-15,Jensin,Sapphiron's Right Eye
2023-11-15,Eronimo,Seal of the Damned
2023-11-15,Miltonmane,Shield of Condemnation
2023-11-15,Waumbek,Shield of Condemnation
2023-11-15,Alpineey,Shroud of Dominion
2023-11-15,Mistaveeb,Shroud of Dominion
2023-11-15,Pogg,Shroud of Dominion
2023-11-15,Bli,Slayer's Crest
2023-11-15,Mistaveeb,Slayer's Crest
2023-11-15,Tont,Slayer's Crest
2023-11-15,Burkinafaso,Soulseeker
2023-11-15,Gandal,Soulseeker
2023-11-15,Branremix,Soulstring
2023-11-15,Bli,Stormrage's Talisman of Seething
2023-11-15,Graeggar,Stormrage's Talisman of Seething
2023-11-15,Alpineey,The Face of Death
2023-11-15,Branremix,The Face of Death
2023-11-15,Alzera,The Hungering Cold
2023-11-15,Ava,The Hungering Cold
2023-11-15,Cleavadge,The Hungering Cold
2023-11-15,Mcballs,The Hungering Cold
2023-11-15,Sovicious,The Hungering Cold
2023-11-15,Tont,The Hungering Cold
2023-11-15,Falariss,The Phylactery of Kel'Thuzad
2023-11-15,Pogg,The Phylactery of Kel'Thuzad
2023-11-15,Badhygiene,The Restrained Essence of Sapphiron
2023-11-15,Briseis,The Restrained Essence of Sapphiron
2023-11-15,Thalantyr,The Restrained Essence of Sapphiron
2023-11-15,Gome,The Soul Harvester's Bindings
2025-10-28,Twobraids,Band of Unanswered Prayers
2025-10-28,Ares,Band of Unnatural Forces
2025-10-28,Mikere,Band of Unnatural Forces
2025-10-28,Rusti,Band of Unnatural Forces
2025-10-22,Slout,Band of Unnatural Forces
2025-10-28,Biubiuu,Cloak of the Necropolis
2025-10-28,Deadcoiles,Cloak of the Necropolis
2025-10-28,Glad,Corrupted Ashbringer
2025-10-28,Solidsmtx,Corrupted Ashbringer
2025-10-28,Buhf,Desecrated Pauldrons
2025-10-28,Chimpsbald,Eye of the Dead
2025-10-28,Grapedrink,Eye of the Dead
2025-10-28,Groves,Eye of the Dead
2025-10-28,Twobraids,Eye of the Dead
2025-10-28,Grapedrink,Ghoul Skin Tunic
2025-10-28,Ares,Girdle of the Mentor
2025-10-27,Macthorson,Girdle of the Mentor
2025-10-28,Madder,Girdle of the Mentor
2025-10-28,Saladbalding,Girdle of the Mentor
2025-10-22,Sorschia,Girdle of the Mentor
2025-10-28,Chimpsbald,Hammer of the Twisting Nether
2025-10-28,Groves,Hammer of the Twisting Nether
2025-10-28,Numbrodos,Hammer of the Twisting Nether
2025-10-28,Trinnity,"Iblis, Blade of the Fallen Seraph"
2025-10-28,Zosodotter,"Iblis, Blade of the Fallen Seraph"
2025-10-28,Mikere,Kingsfall
2025-10-28,Alpineey,Kiss of the Spider
2025-10-28,Anticide,Kiss of the Spider
2025-10-28,Anticide,Kiss of the Spider
2025-10-28,Dilphiv,Kiss of the Spider
2025-10-28,Hurb,Kiss of the Spider
2025-10-28,Saladbalding,Kiss of the Spider
2025-10-28,Goathearder,Leggings of Polarity
2025-10-27,Greybush,Leggings of Polarity
2025-10-28,Alpineey,Legplates of Carnage
2025-10-28,Hurb,Legplates of Carnage
2025-10-28,Solidsmtx,Legplates of Carnage
2025-10-28,Buhf,Maexxna's Fang
2025-10-28,Patriot,Might of Menethil
2025-10-28,Mesmasshuu,Might of the Scourge
2025-10-28,Trinnity,Might of the Scourge
2025-10-28,Pixy,Misplaced Servo Arm
2025-10-28,Zosodotter,Misplaced Servo Arm
2025-10-28,Skiiska,Necro-Knight's Garb
2025-10-28,Skiiska,Necro-Knight's Garb
2025-10-28,Abusementprk,Nerubian Slavemaker
2025-10-28,Meco,Nerubian Slavemaker
2025-10-28,Meco,Nerubian Slavemaker
2025-10-28,Sunderzz,Nerubian Slavemaker
2025-10-28,Dwamasama,Plated Abomination Ribcage
2025-10-28,Biubiuu,Rime Covered Mantle
2025-10-28,Kushcloud,Rime Covered Mantle
2025-10-28,Calul,Sapphiron's Left Eye
2025-10-28,Kurdinn,Sapphiron's Left Eye
2025-10-28,Patriot,Shield of Condemnation
2025-10-28,Glad,Shroud of Dominion
2025-10-28,Mesmasshuu,Shroud of Dominion
2025-10-28,Dilphiv,Slayer's Crest
2025-10-28,Madder,Slayer's Crest
2025-10-28,Rusti,Slayer's Crest
2025-10-22,Slout,Slayer's Crest
2025-10-27,Xicala,Slayer's Crest
2025-10-27,Xicala,Slayer's Crest
2025-10-28,Abusementprk,Stormrage's Talisman of Seething
2025-10-28,Dwamasama,Stormrage's Talisman of Seething
2025-10-28,Sunderzz,Stormrage's Talisman of Seething
2025-10-27,Macthorson,The Castigator
2025-10-28,Pixy,The Castigator
2025-10-28,Deadcoiles,The Restrained Essence of Sapphiron
2025-10-27,Greybush,The Restrained Essence of Sapphiron
2025-10-28,Numbrodos,The Restrained Essence of Sapphiron
2025-10-28,Calul,The Soul Harvester's Bindings
2025-10-28,Kushcloud,The Soul Harvester's Bindings
2025-10-28,Kurdinn,Wand of Fates
2025-10-28,Goathearder,Wraith Blade
2025-10-22,Sorschia,Wristguards of Vengeance
2025-03-25,Kurdinn,Band of Unanswered Prayers
2025-03-25,Donfrye,Band of Unnatural Forces
2025-03-25,Ghili,Band of Unnatural Forces
2025-03-25,Jetrho,Band of Unnatural Forces
2025-03-25,Mlb,Band of Unnatural Forces
2025-03-25,Greybush,Cloak of Suturing
2025-03-25,Illadelph,Desecrated Spaulders
2025-03-25,Illadelph,Desecrated Tunic
2025-03-25,Farmland,Doomfinger
2025-03-25,Arizana,Eye of the Dead
2025-03-25,Briseis,Eye of the Dead
2025-03-25,Greybush,Eye of the Dead
2025-03-25,Chimpsmage,Gem of Trapped Innocents
2025-03-25,Farmland,Gem of Trapped Innocents
2025-03-25,Feq,Girdle of the Mentor
2025-03-25,Knumb,Girdle of the Mentor
2025-03-25,Madder,Girdle of the Mentor
2025-03-25,Branremix,Hammer of the Twisting Nether
2025-03-25,Reciprocate,Hammer of the Twisting Nether
2025-03-25,Aile,Harbinger of Doom
2025-03-25,Valoriwar,Hatchet of Sundered Bone
2025-03-25,Athek,"Iblis, Blade of the Fallen Seraph"
2025-03-25,Huxx,"Iblis, Blade of the Fallen Seraph"
2025-03-25,Mlb,"Iblis, Blade of the Fallen Seraph"
2025-03-25,Pogg,"Iblis, Blade of the Fallen Seraph"
2025-03-25,Saladbalding,"Iblis, Blade of the Fallen Seraph"
2025-03-25,Torreypines,"Iblis, Blade of the Fallen Seraph"
2025-03-25,Huxx,Kiss of the Spider
2025-03-25,Madder,Kiss of the Spider
2025-03-25,Rusti,Kiss of the Spider
2025-03-25,Rusti,Kiss of the Spider
2025-03-25,Torreypines,Kiss of the Spider
2025-03-25,Jetrho,Leggings of Apocalypse
2025-03-25,Sunderzz,Leggings of Apocalypse
2025-03-25,Chimpsmage,Leggings of Polarity
2025-03-25,Uwudaddy,Leggings of Polarity
2025-03-25,Abusementprk,Legplates of Carnage
2025-03-25,Burkarms,Legplates of Carnage
2025-03-25,Saladbalding,Legplates of Carnage
2025-03-25,Numbrodos,Libram of Light
2025-03-25,Ghili,Might of the Scourge
2025-03-25,Glad,Might of the Scourge
2025-03-25,Bli,Necklace of Necropsy
2025-03-25,Bli,Necklace of Necropsy
2025-03-25,Aile,Nerubian Slavemaker
2025-03-25,Pogg,Nerubian Slavemaker
2025-03-25,Sunderzz,Nerubian Slavemaker
2025-03-25,Abusementprk,Plated Abomination Ribcage
2025-03-25,Hegred,Power of the Scourge
2025-03-25,Hegred,Resilience of the Scourge
2025-03-25,Dionefastrgf,Sapphiron's Left Eye
2025-03-25,Dionefastrgf,Sapphiron's Left Eye
2025-03-25,Reciprocate,Shield of Condemnation
2025-03-25,Alpineey,Shroud of Dominion
2025-03-25,Branremix,Slayer's Crest
2025-03-25,Burkarms,Slayer's Crest
2025-03-25,Donfrye,Slayer's Crest
2025-03-25,Glad,Slayer's Crest
2025-03-25,Mistaveeb,Slayer's Crest
2025-03-25,Mistaveeb,Slayer's Crest
2025-03-25,Alpineey,Stormrage's Talisman of Seething
2025-03-25,Arizana,Stormrage's Talisman of Seething
2025-03-25,Feq,Stormrage's Talisman of Seething
2025-03-25,Athek,The Castigator
2025-03-25,Knumb,The Face of Death
2025-03-25,Valoriwar,The Phylactery of Kel'Thuzad
2025-03-25,Briseis,The Restrained Essence of Sapphiron
2025-03-25,Donzonæq,The Restrained Essence of Sapphiron
2025-03-25,Donzonæq,The Restrained Essence of Sapphiron
2025-03-25,Kushcloud,The Restrained Essence of Sapphiron
2025-03-25,Kushcloud,The Restrained Essence of Sapphiron
2025-03-25,Numbrodos,The Restrained Essence of Sapphiron
2025-03-25,Uwudaddy,The Restrained Essence of Sapphiron
2025-03-25,Kurdinn,Wand of Fates
2024-02-06,Gandal,Band of Unanswered Prayers
2024-02-06,Dirtydëëds,Band of Unnatural Forces
2024-02-06,Rootz,Band of Unnatural Forces
2024-02-06,Tavesty,Band of Unnatural Forces
2024-02-06,Waumbek,Belt of the Grand Crusader
2024-02-06,Runtzxcookie,Brimstone Staff
2024-02-06,Impax,Cloak of the Necropolis
2024-02-06,Holyrolled,Corrupted Ashbringer
2024-02-06,Yagå,Corrupted Ashbringer
2024-02-06,Pork,Desecrated Circlet
2024-02-06,Bojjo,Desecrated Robe
2024-02-06,Burkinafaso,Desecrated Robe
2024-02-06,Louieflamezz,Desecrated Robe
2024-02-06,Gome,Doomfinger
2024-02-06,Dreamer,Eye of the Dead
2024-02-06,Integrity,Eye of the Dead
2024-02-06,Prunes,Eye of the Dead
2024-02-06,Prunes,Eye of the Dead
2024-02-06,Gome,Gem of Trapped Innocents
2024-02-06,Iggy,Girdle of the Mentor
2024-02-06,Tavesty,Girdle of the Mentor
2024-02-06,Dreamer,Hammer of the Twisting Nether
2024-02-06,Holyrolled,Hammer of the Twisting Nether
2024-02-06,Alpineey,"Iblis, Blade of the Fallen Seraph"
2024-02-06,Checkursix,"Iblis, Blade of the Fallen Seraph"
2024-02-06,Stablord,"Iblis, Blade of the Fallen Seraph"
2024-02-06,Abusementprk,Kiss of the Spider
2024-02-06,Chims,Kiss of the Spider
2024-02-06,Chims,Kiss of the Spider
2024-02-06,Cleavadge,Kiss of the Spider
2024-02-06,Knumb,Kiss of the Spider
2024-02-06,Mcballs,Kiss of the Spider
2024-02-06,Nineteenalt,Kiss of the Spider
2024-02-06,Nineteenalt,Kiss of the Spider
2024-02-06,Rootz,Leggings of Apocalypse
2024-02-06,Runtzxcookie,Leggings of Polarity
2024-02-06,Mistaveeb,Legplates of Carnage
2024-02-06,Pogg,Legplates of Carnage
2024-02-06,Airz,Might of Menethil
2024-02-06,Airz,Might of Menethil
2024-02-06,Branremix,Might of Menethil
2024-02-06,Farquaad,Might of the Scourge
2024-02-06,Farquaad,Might of the Scourge
2024-02-06,Knumb,Might of the Scourge
2024-02-06,Ruug,Nerubian Slavemaker
2024-02-06,Pork,Ring of Faith
2024-02-06,Dirtydëëds,Sadist's Collar
2024-02-06,Burkinafaso,Sapphiron's Left Eye
2024-02-06,Skiiska,Sapphiron's Right Eye
2024-02-06,Jensin,Seal of the Damned
2024-02-06,Bli,Shroud of Dominion
2024-02-06,Bli,Shroud of Dominion
2024-02-06,Pogg,Shroud of Dominion
2024-02-06,Ratbag,Shroud of Dominion
2024-02-06,Abusementprk,Slayer's Crest
2024-02-06,Checkursix,Slayer's Crest
2024-02-06,Mcballs,Slayer's Crest
2024-02-06,Ratbag,Slayer's Crest
2024-02-06,Stablord,Slayer's Crest
2024-02-06,Iggy,Soulstring
2024-02-06,Branremix,Stormrage's Talisman of Seething
2024-02-06,Integrity,Stormrage's Talisman of Seething
2024-02-06,Alpineey,The Castigator
2024-02-06,Mictlantecuh,The Castigator
2024-02-06,Waumbek,The End of Dreams
2024-02-06,Cleavadge,The Phylactery of Kel'Thuzad
2024-02-06,Ruug,The Phylactery of Kel'Thuzad
2024-02-06,Briseis,The Restrained Essence of Sapphiron
2024-02-06,Briseis,The Restrained Essence of Sapphiron
2024-02-06,Gandal,The Restrained Essence of Sapphiron
2024-02-06,Jensin,The Restrained Essence of Sapphiron
2024-02-06,Impax,Wand of Fates
2024-02-06,Skiiska,Wand of the Whispering Dead
2024-02-06,Yagå,Widow's Remorse
2024-02-06,Bojjo,Wraith Blade
2024-02-06,Louieflamezz,Wraith Blade
2024-02-06,Mictlantecuh,Wristguards of Vengeance
2024-02-06,Mistaveeb,Wristguards of Vengeance
2024-08-06,Burkinn,Band of Unanswered Prayers
2024-08-06,Kurdinn,Band of Unanswered Prayers
2024-08-06,Alpineey,Band of Unnatural Forces
2024-08-06,Toxicalover,Band of Unnatural Forces
2024-08-06,Vanishh,Band of Unnatural Forces
2024-08-06,Anaomil,Cloak of Suturing
2024-08-06,Maidenn,Cloak of Suturing
2024-08-06,Chimpsmage,Cloak of the Necropolis
2024-08-06,Checkursix,Cloak of the Scourge
2024-08-06,Spacepimp,Corrupted Ashbringer
2024-08-06,Gandal,Doomfinger
2024-08-06,Bli,Eye of the Dead
2024-08-06,Burkinn,Eye of the Dead
2024-08-06,Lilanni,Eye of the Dead
2024-08-06,Shaala,Eye of the Dead
2024-08-06,Shaala,Eye of the Dead
2024-08-06,Dilphjr,Frostfire Ring
2024-08-06,Dilphjr,Gem of Trapped Innocents
2024-08-06,Critzmcgee,Ghoul Skin Tunic
2024-08-06,Arizana,Girdle of the Mentor
2024-08-06,Knumb,Girdle of the Mentor
2024-08-06,Nineteenhc,Girdle of the Mentor
2024-08-06,Nineteenhc,Girdle of the Mentor
2024-08-06,Bli,Hammer of the Twisting Nether
2024-08-06,Branremix,Hammer of the Twisting Nether
2024-08-06,Lilanni,Hammer of the Twisting Nether
2024-08-06,Maidenn,Hammer of the Twisting Nether
2024-08-06,Yasuke,Hatchet of Sundered Bone
2024-08-06,Finesse,"Iblis, Blade of the Fallen Seraph"
2024-08-06,Copecetic,Kingsfall
2024-08-06,Alpineey,Kiss of the Spider
2024-08-06,Feq,Kiss of the Spider
2024-08-06,Feq,Kiss of the Spider
2024-08-06,Glad,Kiss of the Spider
2024-08-06,Glad,Kiss of the Spider
2024-08-06,Pogg,Kiss of the Spider
2024-08-06,Toxicalover,Kiss of the Spider
2024-08-06,Gugsx,Leggings of Apocalypse
2024-08-06,Donzonæq,Leggings of Polarity
2024-08-06,Supgap,Leggings of Polarity
2024-08-06,Yasuke,Legplates of Carnage
2024-08-06,Ábrams,Legplates of Carnage
2024-08-06,Impax,Loatheb's Reflection
2024-08-06,Arizana,Might of Menethil
2024-08-06,Spacepimp,Might of Menethil
2024-08-06,Saladblesing,Might of the Scourge
2024-08-06,Rootz,Necklace of Necropsy
2024-08-06,Gugsx,Nerubian Slavemaker
2024-08-06,Knumb,Plated Abomination Ribcage
2024-08-06,Skiiska,Power of the Scourge
2024-08-06,Bojjo,Preceptor's Hat
2024-08-06,Skiiska,Rime Covered Mantle
2024-08-06,Rootz,Sadist's Collar
2024-08-06,Bojjo,Sapphiron's Left Eye
2024-08-06,Kurdinn,Sapphiron's Right Eye
2024-08-06,Gandal,Seal of the Damned
2024-08-06,Anaomil,Shield of Condemnation
2024-08-06,Abusementprk,Shroud of Dominion
2024-08-06,Chims,Shroud of Dominion
2024-08-06,Finesse,Slayer's Crest
2024-08-06,Pogg,Slayer's Crest
2024-08-06,Vanishh,Slayer's Crest
2024-08-06,Powerstroke,Stormrage's Talisman of Seething
2024-08-06,Ábrams,Stormrage's Talisman of Seething
2024-08-06,Critzmcgee,The Castigator
2024-08-06,Saladblesing,The Face of Death
2024-08-06,Copecetic,The Phylactery of Kel'Thuzad
2024-08-06,Powerstroke,The Phylactery of Kel'Thuzad
2024-08-06,Supgap,The Restrained Essence of Sapphiron
2024-08-06,Waumbek,The Restrained Essence of Sapphiron
2024-08-06,Waumbek,The Restrained Essence of Sapphiron
2024-08-06,Chimpsmage,The Soul Harvester's Bindings
2024-08-06,Branremix,The Widow's Embrace
2024-08-06,Impax,Veil of Eclipse
2024-08-06,Gome,Wand of Fates
2024-08-06,Gome,Wand of Fates
2024-08-06,Checkursix,Widow's Remorse
2024-08-06,Donzonæq,Wraith Blade
2024-08-06,Abusementprk,Wristguards of Vengeance
2024-08-06,Chims,Wristguards of Vengeance
2024-03-12,Miltonmane,Band of Unanswered Prayers
2024-03-12,Mictlantecuh,Band of Unnatural Forces
2024-03-12,Rootz,Band of Unnatural Forces
2024-03-12,Vanishh,Band of Unnatural Forces
2024-03-12,Ruug,Claw of the Frost Wyrm
2024-03-12,Skiiska,Cloak of Suturing
2024-03-12,Impax,Cloak of the Necropolis
2024-03-12,Uwudaddy,Cloak of the Necropolis
2024-03-12,Yagå,Corrupted Ashbringer
2024-03-12,Burkinafaso,Desecrated Robe
2024-03-12,Bli,Eye of the Dead
2024-03-12,Dreamer,Eye of the Dead
2024-03-12,Onefiftyone,Eye of the Dead
2024-03-12,Onefiftyone,Eye of the Dead
2024-03-12,Puppies,Eye of the Dead
2024-03-12,Waumbek,Fortitude of the Scourge
2024-03-12,Impax,Gem of Trapped Innocents
2024-03-12,Dinoblunt,Girdle of the Mentor
2024-03-12,Mistaveeb,Girdle of the Mentor
2024-03-12,Tavesty,Girdle of the Mentor
2024-03-12,Antimercy,Hammer of the Twisting Nether
2024-03-12,Bli,Hammer of the Twisting Nether
2024-03-12,Dreamer,Hammer of the Twisting Nether
2024-03-12,Puppies,Hammer of the Twisting Nether
2024-03-12,Farquaad,Harbinger of Doom
2024-03-12,Yagå,Hatchet of Sundered Bone
2024-03-12,Alpineey,"Iblis, Blade of the Fallen Seraph"
2024-03-12,Checkursix,"Iblis, Blade of the Fallen Seraph"
2024-03-12,Dirtydëëds,"Iblis, Blade of the Fallen Seraph"
2024-03-12,Nearl,Kingsfall
2024-03-12,Abusementprk,Kiss of the Spider
2024-03-12,Checkursix,Kiss of the Spider
2024-03-12,Knumb,Kiss of the Spider
2024-03-12,Mcballs,Kiss of the Spider
2024-03-12,Nineteenalt,Kiss of the Spider
2024-03-12,Nineteenalt,Kiss of the Spider
2024-03-12,Burkinafaso,Leggings of Polarity
2024-03-12,Pogg,Legplates of Carnage
2024-03-12,Airz,Might of Menethil
2024-03-12,Airz,Might of Menethil
2024-03-12,Farquaad,Might of the Scourge
2024-03-12,Ruug,Nerubian Slavemaker
2024-03-12,Gome,Preceptor's Hat
2024-03-12,Gome,Sapphiron's Left Eye
2024-03-12,Antimercy,Sapphiron's Right Eye
2024-03-12,Miltonmane,Shield of Condemnation
2024-03-12,Cleavadge,Shroud of Dominion
2024-03-12,Nearl,Shroud of Dominion
2024-03-12,Pogg,Shroud of Dominion
2024-03-12,Tavesty,Shroud of Dominion
2024-03-12,Abusementprk,Slayer's Crest
2024-03-12,Chims,Slayer's Crest
2024-03-12,Chims,Slayer's Crest
2024-03-12,Mcballs,Slayer's Crest
2024-03-12,Vanishh,Slayer's Crest
2024-03-12,Branremix,Stormrage's Talisman of Seething
2024-03-12,Mictlantecuh,Stormrage's Talisman of Seething
2024-03-12,Rootz,Stormrage's Talisman of Seething
2024-03-12,Alpineey,The Castigator
2024-03-12,Dinoblunt,The Castigator
2024-03-12,Waumbek,The Face of Death
2024-03-12,Dirtydëëds,The Phylactery of Kel'Thuzad
2024-03-12,Bojjo,The Restrained Essence of Sapphiron
2024-03-12,Bojjo,The Restrained Essence of Sapphiron
2024-03-12,Gandal,The Restrained Essence of Sapphiron
2024-03-12,Gandal,The Restrained Essence of Sapphiron
2024-03-12,Hegred,The Restrained Essence of Sapphiron
2024-03-12,Hegred,The Restrained Essence of Sapphiron
2024-03-12,Holyrolled,The Restrained Essence of Sapphiron
2024-03-12,Holyrolled,The Restrained Essence of Sapphiron
2024-03-12,Jensin,The Restrained Essence of Sapphiron
2024-03-12,Jensin,The Restrained Essence of Sapphiron
2024-03-12,Branremix,The Widow's Embrace
2024-03-12,Uwudaddy,Wand of Fates
2024-03-12,Priestrofl,Wand of the Whispering Dead
2024-03-12,Skiiska,Wand of the Whispering Dead
2024-03-12,Priestrofl,Warmth of Forgiveness
2024-03-12,Cleavadge,Wristguards of Vengeance
2024-03-12,Knumb,Wristguards of Vengeance
2024-03-12,Mistaveeb,Wristguards of Vengeance
2025-07-15,Crazedeyes,Band of Unanswered Prayers
2025-07-15,Illadelph,Band of Unanswered Prayers
2025-07-15,Illadelph,Band of Unanswered Prayers
2025-07-15,Frostiwarr,Band of Unnatural Forces
2025-07-15,Octoboss,Band of Unnatural Forces
2025-07-15,Slashi,Band of Unnatural Forces
2025-07-15,Thorgenie,Band of Unnatural Forces
2025-07-15,Wtbfearward,Cloak of Suturing
2025-07-15,Ignitegodx,Cloak of the Necropolis
2025-07-15,Mandraky,Cloak of the Necropolis
2025-07-15,Bli,Corrupted Ashbringer
2025-07-15,Bli,Corrupted Ashbringer
2025-07-15,Macthorson,Corrupted Ashbringer
2025-07-15,Ignitegodx,Doomfinger
2025-07-15,Briseis,Eye of the Dead
2025-07-15,Crazedeyes,Eye of the Dead
2025-07-15,Darkwings,Eye of the Dead
2025-07-15,Rusti,Eye of the Dead
2025-07-15,Rusti,Eye of the Dead
2025-07-15,Smoothbore,Gem of Trapped Innocents
2025-07-15,Frostiwarr,Girdle of the Mentor
2025-07-15,Huxli,Girdle of the Mentor
2025-07-15,Torreypines,Girdle of the Mentor
2025-07-15,Bravesrrobin,Hammer of the Twisting Nether
2025-07-15,Darkwings,Hammer of the Twisting Nether
2025-07-15,Holyfist,Hammer of the Twisting Nether
2025-07-15,Holyfist,Hammer of the Twisting Nether
2025-07-15,Igkidkyuubi,"Iblis, Blade of the Fallen Seraph"
2025-07-15,Jhonytank,"Iblis, Blade of the Fallen Seraph"
2025-07-15,Lagerthafury,"Iblis, Blade of the Fallen Seraph"
2025-07-15,Jhonytank,Kingsfall
2025-07-15,Deltgodx,Kiss of the Spider
2025-07-15,Dilphiv,Kiss of the Spider
2025-07-15,Giuseppina,Kiss of the Spider
2025-07-15,Huxli,Kiss of the Spider
2025-07-15,Mesmasshuu,Kiss of the Spider
2025-07-15,Saladressing,Kiss of the Spider
2025-07-15,Saladressing,Kiss of the Spider
2025-07-15,Slashi,Kiss of the Spider
2025-07-15,Giuseppina,Leggings of Apocalypse
2025-07-15,Smoothbore,Leggings of Polarity
2025-07-15,Abusementprk,Legplates of Carnage
2025-07-15,Abusementprk,Legplates of Carnage
2025-07-15,Mesmasshuu,Legplates of Carnage
2025-07-15,Torreypines,Legplates of Carnage
2025-07-15,Donzon,Might of the Scourge
2025-07-15,Madder,Might of the Scourge
2025-07-15,Donzon,Nerubian Slavemaker
2025-07-15,Toxicalover,Nerubian Slavemaker
2025-07-15,Toxicalover,Plated Abomination Ribcage
2025-07-15,Skiiska,Resilience of the Scourge
2025-07-15,Skiiska,Resilience of the Scourge
2025-07-15,Kenshy,Rime Covered Mantle
2025-07-15,Bravesrrobin,Ring of Faith
2025-07-15,Wtbfearward,Ring of Faith
2025-07-15,Chimpsmage,Sapphiron's Left Eye
2025-07-15,Igkidkyuubi,Shroud of Dominion
2025-07-15,Glad,Slayer's Crest
2025-07-15,Glad,Slayer's Crest
2025-07-15,Lagerthafury,Slayer's Crest
2025-07-15,Octoboss,Slayer's Crest
2025-07-15,Alpineey,Stormrage's Talisman of Seething
2025-07-15,Alpineey,Stormrage's Talisman of Seething
2025-07-15,Madder,Stormrage's Talisman of Seething
2025-07-15,Thorgenie,Stormrage's Talisman of Seething
2025-07-15,Andragan,The Castigator
2025-07-15,Andragan,The Castigator
2025-07-15,Dilphiv,The Castigator
2025-07-15,Macthorson,The Castigator
2025-07-15,Briseis,The Restrained Essence of Sapphiron
2025-07-15,Chimpsmage,The Restrained Essence of Sapphiron
2025-07-15,Kurdinn,The Restrained Essence of Sapphiron
2025-07-15,Kurdinn,The Restrained Essence of Sapphiron
2025-07-15,Kushcloud,The Restrained Essence of Sapphiron
2025-07-15,Kushcloud,The Restrained Essence of Sapphiron
2025-07-15,Mandraky,The Restrained Essence of Sapphiron
2025-07-15,Kenshy,Wraith Blade
2025-07-15,Deltgodx,Wristguards of Vengeance
2023-10-31,Farquaad,Band of Reanimation
2023-10-31,Kurdinn,Band of Unanswered Prayers
2023-10-31,Prunes,Band of Unanswered Prayers
2023-10-31,Prunes,Band of Unanswered Prayers
2023-10-31,Alpineey,Band of Unnatural Forces
2023-10-31,Ava,Band of Unnatural Forces
2023-10-31,Bethaylorn,Band of Unnatural Forces
2023-10-31,Bli,Band of Unnatural Forces
2023-10-31,Checkursix,Boots of Displacement
2023-10-31,Burkinafaso,Brimstone Staff
2023-10-31,Eronimo,Brimstone Staff
2023-10-31,Waumbek,Cloak of Suturing
2023-10-31,Airz,Corrupted Ashbringer
2023-10-31,Integrity,Death's Bargain
2023-10-31,Baldbro,Desecrated Boots
2023-10-31,Cosmicheals,Desecrated Boots
2023-10-31,Miltonmane,Desecrated Boots
2023-10-31,Azzereth,Desecrated Circlet
2023-10-31,Kurdinn,Desecrated Circlet
2023-10-31,Mainevent,Desecrated Circlet
2023-10-31,Ruug,Desecrated Girdle
2023-10-31,Baldbro,Desecrated Headpiece
2023-10-31,Farquaad,Desecrated Headpiece
2023-10-31,Miltonmane,Desecrated Headpiece
2023-10-31,Ruug,Desecrated Headpiece
2023-10-31,Azzereth,Desecrated Robe
2023-10-31,Gandal,Desecrated Shoulderpads
2023-10-31,Accrohaizaa,Desecrated Tunic
2023-10-31,Cosmicheals,Desecrated Tunic
2023-10-31,Integrity,Desecrated Tunic
2023-10-31,Dinoblunt,Girdle of the Mentor
2023-10-31,Mistaveeb,Girdle of the Mentor
2023-10-31,Paendrag,Harbinger of Doom
2023-10-31,Anassa,Hatchet of Sundered Bone
2023-10-31,Mictlantecuh,"Iblis, Blade of the Fallen Seraph"
2023-10-31,Nineteenhc,"Iblis, Blade of the Fallen Seraph"
2023-10-31,Nineteenhc,"Iblis, Blade of the Fallen Seraph"
2023-10-31,Zenz,"Iblis, Blade of the Fallen Seraph"
2023-10-31,Ava,Kiss of the Spider
2023-10-31,Cleavadge,Kiss of the Spider
2023-10-31,Falariss,Kiss of the Spider
2023-10-31,Falariss,Kiss of the Spider
2023-10-31,Mcballs,Kiss of the Spider
2023-10-31,Tont,Kiss of the Spider
2023-10-31,Zenz,Kiss of the Spider
2023-10-31,Burkinafaso,Leggings of Polarity
2023-10-31,Joobiejablon,Leggings of Polarity
2023-10-31,Anassa,Legplates of Carnage
2023-10-31,Mistaveeb,Legplates of Carnage
2023-10-31,Airz,Libram of Light
2023-10-31,Briseis,Malice Stone Pendant
2023-10-31,Checkursix,Misplaced Servo Arm
2023-10-31,Rickytan,Misplaced Servo Arm
2023-10-31,Rickytan,Misplaced Servo Arm
2023-10-31,Waumbek,Necklace of Necropsy
2023-10-31,Cleavadge,Plated Abomination Ribcage
2023-10-31,Pogg,Plated Abomination Ribcage
2023-10-31,Audem,Rime Covered Mantle
2023-10-31,Gome,Ring of the Eternal Flame
2023-10-31,Paendrag,Sadist's Collar
2023-10-31,Hegrid,Seal of the Damned
2023-10-31,Dinoblunt,The Castigator
2023-10-31,Mcballs,The Castigator
2023-10-31,Mictlantecuh,The Castigator
2023-10-31,Pogg,The Castigator
2023-10-31,Gandal,The End of Dreams
2023-10-31,Accrohaizaa,The Eye of Nerub
2023-10-31,Hegrid,The Soul Harvester's Bindings
2023-10-31,Briseis,Wand of Fates
2023-10-31,Gome,Wand of Fates
2023-10-31,Mainevent,Wand of the Whispering Dead
2023-10-31,Alpineey,Widow's Remorse
2023-10-31,Tont,Widow's Remorse
2023-10-31,Audem,Wraith Blade
2023-10-31,Eronimo,Wraith Blade
2023-10-31,Joobiejablon,Wraith Blade
2023-10-31,Bethaylorn,Wristguards of Vengeance
2023-10-31,Bli,Wristguards of Vengeance
2025-06-10,Nomerdva,Band of Unnatural Forces
2025-06-10,Rusti,Band of Unnatural Forces
2025-06-10,Slashi,Band of Unnatural Forces
2025-06-10,Zenz,Band of Unnatural Forces
2025-06-10,Zerpyxoxo,Band of Unnatural Forces
2025-06-10,Zerpyxoxo,Band of Unnatural Forces
2025-06-10,Chimpsmage,Cloak of the Necropolis
2025-06-10,Scambena,Cloak of the Necropolis
2025-06-10,Borntodiee,Eye of the Dead
2025-06-10,Briseis,Eye of the Dead
2025-06-10,Darkwings,Eye of the Dead
2025-06-10,Donfrye,Eye of the Dead
2025-06-10,Dwarfjessus,Eye of the Dead
2025-06-10,Scambena,Gem of Trapped Innocents
2025-06-10,Feq,Girdle of the Mentor
2025-06-10,Borntodiee,Hammer of the Twisting Nether
2025-06-10,Darkwings,Hammer of the Twisting Nether
2025-06-10,Donfrye,Hammer of the Twisting Nether
2025-06-10,Dwarfjessus,Hammer of the Twisting Nether
2025-06-10,Stradamusx,Hammer of the Twisting Nether
2025-06-10,Stradamusx,Hammer of the Twisting Nether
2025-06-10,Dwamasama,"Iblis, Blade of the Fallen Seraph"
2025-06-10,Ghili,"Iblis, Blade of the Fallen Seraph"
2025-06-10,Saladbalding,"Iblis, Blade of the Fallen Seraph"
2025-06-10,Feq,Kingsfall
2025-06-10,Dilphiv,Kiss of the Spider
2025-06-10,Dwamasama,Kiss of the Spider
2025-06-10,Gaussxo,Kiss of the Spider
2025-06-10,Gaussxo,Kiss of the Spider
2025-06-10,Huxli,Kiss of the Spider
2025-06-10,Huxli,Kiss of the Spider
2025-06-10,Madder,Kiss of the Spider
2025-06-10,Madder,Kiss of the Spider
2025-06-10,Slashi,Kiss of the Spider
2025-06-10,Xorkal,Kiss of the Spider
2025-06-10,Xorkal,Kiss of the Spider
2025-06-10,Abusementprk,Legplates of Carnage
2025-06-10,Saladbalding,Legplates of Carnage
2025-06-10,Dionefastrgf,Loatheb's Reflection
2025-06-10,Bli,Might of the Scourge
2025-06-10,Bli,Might of the Scourge
2025-06-10,Imag,Might of the Scourge
2025-06-10,Abusementprk,Nerubian Slavemaker
2025-06-10,Octoboss,Nerubian Slavemaker
2025-06-10,Dionefastrgf,Ring of Spiritual Fervor
2025-06-10,Novely,Shroud of Dominion
2025-06-10,Ghili,Slayer's Crest
2025-06-10,Glad,Slayer's Crest
2025-06-10,Glad,Slayer's Crest
2025-06-10,Microgodx,Slayer's Crest
2025-06-10,Novely,Slayer's Crest
2025-06-10,Rusti,Slayer's Crest
2025-06-10,Alpineey,Stormrage's Talisman of Seething
2025-06-10,Alpineey,Stormrage's Talisman of Seething
2025-06-10,Microgodx,Stormrage's Talisman of Seething
2025-06-10,Thorgena,Stormrage's Talisman of Seething
2025-06-10,Thorgena,Stormrage's Talisman of Seething
2025-06-10,Dilphiv,The Castigator
2025-06-10,Imag,The Castigator
2025-06-10,Zenz,The Castigator
2025-06-10,Octoboss,The Phylactery of Kel'Thuzad
2025-06-10,Are,The Restrained Essence of Sapphiron
2025-06-10,Are,The Restrained Essence of Sapphiron
2025-06-10,Briseis,The Restrained Essence of Sapphiron
2025-06-10,Chimpsmage,The Restrained Essence of Sapphiron
2025-06-10,Kurdinn,The Restrained Essence of Sapphiron
2025-06-10,Kurdinn,The Restrained Essence of Sapphiron
2025-06-10,Kushcloud,The Restrained Essence of Sapphiron
2025-06-10,Kushcloud,The Restrained Essence of Sapphiron
2025-06-10,Nomerdva,Wristguards of Vengeance
2024-05-28,Lilanni,Band of Unanswered Prayers
2024-05-28,Pandaheals,Band of Unanswered Prayers
2024-05-28,Branremix,Band of Unnatural Forces
2024-05-28,Finesse,Band of Unnatural Forces
2024-05-28,Vanishh,Band of Unnatural Forces
2024-05-28,Hegred,Cloak of the Necropolis
2024-05-28,Spacepimp,Corrupted Ashbringer
2024-05-28,Waumbek,Cryptfiend Silk Cloak
2024-05-28,Stickylicky,Desecrated Circlet
2024-05-28,Miltonmane,Eye of Diminution
2024-05-28,Gandal,Eye of the Dead
2024-05-28,Lilanni,Eye of the Dead
2024-05-28,Shaala,Eye of the Dead
2024-05-28,Shaala,Eye of the Dead
2024-05-28,Bojjo,Gem of Trapped Innocents
2024-05-28,Dmackk,Girdle of the Mentor
2024-05-28,Pogg,Girdle of the Mentor
2024-05-28,Qttrans,Girdle of the Mentor
2024-05-28,Miltonmane,Hammer of the Twisting Nether
2024-05-28,Ogbigz,Hammer of the Twisting Nether
2024-05-28,Pandaheals,Hammer of the Twisting Nether
2024-05-28,Spacepimp,Hammer of the Twisting Nether
2024-05-28,Aleice,"Iblis, Blade of the Fallen Seraph"
2024-05-28,Checkursix,"Iblis, Blade of the Fallen Seraph"
2024-05-28,Finesse,"Iblis, Blade of the Fallen Seraph"
2024-05-28,Toxicalover,"Iblis, Blade of the Fallen Seraph"
2024-05-28,Jetrho,Kingsfall
2024-05-28,Abusementprk,Kiss of the Spider
2024-05-28,Abusementprk,Kiss of the Spider
2024-05-28,Alpineey,Kiss of the Spider
2024-05-28,Checkursix,Kiss of the Spider
2024-05-28,Chims,Kiss of the Spider
2024-05-28,Chims,Kiss of the Spider
2024-05-28,Executis,Kiss of the Spider
2024-05-28,Mìlfurion,Kiss of the Spider
2024-05-28,Qttrans,Kiss of the Spider
2024-05-28,Rickytanx,Kiss of the Spider
2024-05-28,Bli,Leggings of Apocalypse
2024-05-28,Mìlfurion,Leggings of Apocalypse
2024-05-28,Burkinafaso,Leggings of Polarity
2024-05-28,Gausstko,Leggings of Polarity
2024-05-28,Alpineey,Legplates of Carnage
2024-05-28,Helioss,Legplates of Carnage
2024-05-28,Ábrams,Legplates of Carnage
2024-05-28,Ogbigz,Libram of Light
2024-05-28,Arizana,Might of Menethil
2024-05-28,Waumbek,Might of Menethil
2024-05-28,Arizana,Might of the Scourge
2024-05-28,Rickytanx,Misplaced Servo Arm
2024-05-28,Bli,Nerubian Slavemaker
2024-05-28,Glad,Plated Abomination Ribcage
2024-05-28,Sundergang,Plated Abomination Ribcage
2024-05-28,Burkinafaso,Rime Covered Mantle
2024-05-28,Stickylicky,Ring of Faith
2024-05-28,Bojjo,Sapphiron's Left Eye
2024-05-28,Dmackk,Shroud of Dominion
2024-05-28,Ábrams,Shroud of Dominion
2024-05-28,Executis,Slayer's Crest
2024-05-28,Jetrho,Slayer's Crest
2024-05-28,Nineteenalt,Slayer's Crest
2024-05-28,Nineteenalt,Slayer's Crest
2024-05-28,Pogg,Slayer's Crest
2024-05-28,Ruug,Slayer's Crest
2024-05-28,Ruug,Slayer's Crest
2024-05-28,Vanishh,Slayer's Crest
2024-05-28,Supgap,Spire of Twilight
2024-05-28,Branremix,Stormrage's Talisman of Seething
2024-05-28,Sundergang,Stormrage's Talisman of Seething
2024-05-28,Aleice,The Castigator
2024-05-28,Glad,The Castigator
2024-05-28,Helioss,The Castigator
2024-05-28,Toxicalover,The Castigator
2024-05-28,Impax,The Restrained Essence of Sapphiron
2024-05-28,Impax,The Restrained Essence of Sapphiron
2024-05-28,Supgap,The Restrained Essence of Sapphiron
2024-05-28,Gandal,Veil of Eclipse
2024-05-28,Gome,Wand of Fates
2024-05-28,Gome,Wand of Fates
2024-05-28,Gausstko,Wraith Blade
2024-12-31,Spacepump,Band of Unanswered Prayers
2024-12-31,Feq,Band of Unnatural Forces
2024-12-31,Knumb,Band of Unnatural Forces
2024-12-31,Michaelre,Band of Unnatural Forces
2024-12-31,Greybush,Cloak of Suturing
2024-12-31,Gduel,Corrupted Ashbringer
2024-12-31,Saladblesing,Cryptfiend Silk Cloak
2024-12-31,Fatperez,Desecrated Circlet
2024-12-31,Ignomes,Desecrated Circlet
2024-12-31,Skinerr,Desecrated Circlet
2024-12-31,Skinerr,Desecrated Shoulderpads
2024-12-31,Skiiska,Doomfinger
2024-12-31,Arizana,Eye of the Dead
2024-12-31,Bli,Eye of the Dead
2024-12-31,Bli,Eye of the Dead
2024-12-31,Rootz,Eye of the Dead
2024-12-31,Supgap,Gem of Trapped Innocents
2024-12-31,Frostiwarr,Girdle of the Mentor
2024-12-31,Knumb,Girdle of the Mentor
2024-12-31,Yâng,Girdle of the Mentor
2024-12-31,Snugsafe,Hammer of the Twisting Nether
2024-12-31,Zëro,Hammer of the Twisting Nether
2024-12-31,Yasuke,Hatchet of Sundered Bone
2024-12-31,Burkarms,"Iblis, Blade of the Fallen Seraph"
2024-12-31,Madder,"Iblis, Blade of the Fallen Seraph"
2024-12-31,Mlb,"Iblis, Blade of the Fallen Seraph"
2024-12-31,Rogue,"Gressil, Dawn of Ruin"
2024-12-31,Yasuke,Kingsfall
2024-12-31,Alpineey,Kiss of the Spider
2024-12-31,Alpineey,Kiss of the Spider
2024-12-31,Athek,Kiss of the Spider
2024-12-31,Frostiwarr,Kiss of the Spider
2024-12-31,Glad,Kiss of the Spider
2024-12-31,Rusti,Kiss of the Spider
2024-12-31,Tanktastic,Kiss of the Spider
2024-12-31,Shaala,Leggings of Apocalypse
2024-12-31,Shaala,Leggings of Apocalypse
2024-12-31,Briseis,Leggings of Polarity
2024-12-31,Abusementprk,Legplates of Carnage
2024-12-31,Tanktastic,Legplates of Carnage
2024-12-31,Zëro,Might of Menethil
2024-12-31,Airz,Might of the Scourge
2024-12-31,Arizana,Necklace of Necropsy
2024-12-31,Spacepump,Necklace of Necropsy
2024-12-31,Abusementprk,Nerubian Slavemaker
2024-12-31,Rogue,"Gressil, Dawn of Ruin"
2024-12-31,Snugsafe,Ring of Faith
2024-12-31,Saladblesing,Ring of the Dreadnaught
2024-12-31,Checkursix,Shroud of Dominion
2024-12-31,Mistaveeb,Shroud of Dominion
2024-12-31,Toxicalover,Shroud of Dominion
2024-12-31,Airz,Slayer's Crest
2024-12-31,Glad,Slayer's Crest
2024-12-31,Jetrho,Slayer's Crest
2024-12-31,Jetrho,Slayer's Crest
2024-12-31,Mistaveeb,Slayer's Crest
2024-12-31,Rootz,Slayer's Crest
2024-12-31,Rusti,Slayer's Crest
2024-12-31,Toxicalover,Slayer's Crest
2024-12-31,Madder,Soulstring
2024-12-31,Burkarms,Stormrage's Talisman of Seething
2024-12-31,Checkursix,Stormrage's Talisman of Seething
2024-12-31,Michaelre,Stormrage's Talisman of Seething
2024-12-31,Athek,The Castigator
2024-12-31,Mlb,The Castigator
2024-12-31,Yâng,The Castigator
2024-12-31,Supgap,The Phylactery of Kel'Thuzad
2024-12-31,Briseis,The Restrained Essence of Sapphiron
2024-12-31,Donzonæq,The Restrained Essence of Sapphiron
2024-12-31,Donzonæq,The Restrained Essence of Sapphiron
2024-12-31,Kirkyoom,The Restrained Essence of Sapphiron
2024-12-31,Kirkyoom,The Restrained Essence of Sapphiron
2024-12-31,Skiiska,The Soul Harvester's Bindings
2024-12-31,Gduel,The Widow's Embrace
2024-12-31,Greybush,Wand of the Whispering Dead
2024-12-31,Fatperez,Wraith Blade
2024-12-31,Ignomes,Wraith Blade
2024-12-31,Feq,Wristguards of Vengeance
2023-09-19,Farquaad,Band of Reanimation
2023-09-19,Thurgood,Band of Unanswered Prayers
2023-09-19,Uwudaddy,Band of the Inevitable
2023-09-19,Baldbro,Cloak of Suturing
2023-09-19,Mainevent,Cloak of Suturing
2023-09-19,Auntjamal,Crystal Webbed Robe
2023-09-19,Waumbek,Death's Bargain
2023-09-19,Gome,Desecrated Belt
2023-09-19,Mainevent,Desecrated Bindings
2023-09-19,Reinheals,Desecrated Bindings
2023-09-19,Accrohaizaa,Desecrated Boots
2023-09-19,Waumbek,Desecrated Boots
2023-09-19,Zepii,Desecrated Boots
2023-09-19,Explore,Desecrated Bracers
2023-09-19,Falariss,Desecrated Bracers
2023-09-19,Audem,Desecrated Circlet
2023-09-19,Brisley,Desecrated Circlet
2023-09-19,Accrohaizaa,Desecrated Girdle
2023-09-19,Airz,Desecrated Girdle
2023-09-19,Farquaad,Desecrated Headpiece
2023-09-19,Integrity,Desecrated Headpiece
2023-09-19,Branremix,Desecrated Helmet
2023-09-19,Branremix,Desecrated Pauldrons
2023-09-19,Sekhmet,Desecrated Pauldrons
2023-09-19,Tont,Desecrated Sabatons
2023-09-19,Cainbaid,Desecrated Sandals
2023-09-19,Gome,Desecrated Sandals
2023-09-19,Brisley,Desecrated Shoulderpads
2023-09-19,Cainbaid,Desecrated Shoulderpads
2023-09-19,Saacon,Desecrated Shoulderpads
2023-09-19,Cosmicheals,Desecrated Spaulders
2023-09-19,Integrity,Desecrated Spaulders
2023-09-19,Zepii,Desecrated Spaulders
2023-09-19,Baldbro,Desecrated Wristguards
2023-09-19,Nabdru,Ghoul Skin Tunic
2023-09-19,Rootz,Ghoul Skin Tunic
2023-09-19,Mictlantecuh,Girdle of the Mentor
2023-09-19,Prismz,Girdle of the Mentor
2023-09-19,Zenz,Girdle of the Mentor
2023-09-19,Mictlantecuh,Hatchet of Sundered Bone
2023-09-19,Bethaylorn,"Iblis, Blade of the Fallen Seraph"
2023-09-19,Dinoblunt,"Iblis, Blade of the Fallen Seraph"
2023-09-19,Ava,Kiss of the Spider
2023-09-19,Explore,Kiss of the Spider
2023-09-19,Mcballs,Kiss of the Spider
2023-09-19,Prismz,Kiss of the Spider
2023-09-19,Rootz,Kiss of the Spider
2023-09-19,Ava,Legplates of Carnage
2023-09-19,Locope,Legplates of Carnage
2023-09-19,Falariss,Maexxna's Fang
2023-09-19,Sekhmet,Maexxna's Fang
2023-09-19,Rickytan,Misplaced Servo Arm
2023-09-19,Bli,Plated Abomination Ribcage
2023-09-19,Cleavadge,Plated Abomination Ribcage
2023-09-19,Dinoblunt,Plated Abomination Ribcage
2023-09-19,Mcballs,Plated Abomination Ribcage
2023-09-19,Gandal,Preceptor's Hat
2023-09-19,Gandal,Preceptor's Hat
2023-09-19,Joobiejablon,Rime Covered Mantle
2023-09-19,Rickytan,The Castigator
2023-09-19,Zenz,The Castigator
2023-09-19,Nabdru,The End of Dreams
2023-09-19,Airz,The Widow's Embrace
2023-09-19,Cosmicheals,The Widow's Embrace
2023-09-19,Thurgood,The Widow's Embrace
2023-09-19,Azzereth,Wand of Fates
2023-09-19,Hegrid,Wand of Fates
2023-09-19,Hegrid,Wand of Fates
2023-09-19,Reinheals,Wand of the Whispering Dead
2023-09-19,Bethaylorn,Widow's Remorse
2023-09-19,Tont,Widow's Remorse
2023-09-19,Audem,Wraith Blade
2023-09-19,Auntjamal,Wraith Blade
2023-09-19,Azzereth,Wraith Blade
2023-09-19,Joobiejablon,Wraith Blade
2023-09-19,Saacon,Wraith Blade
2023-09-19,Uwudaddy,Wraith Blade
2023-09-19,Bli,Wristguards of Vengeance
2023-09-19,Cleavadge,Wristguards of Vengeance
2023-09-19,Locope,Wristguards of Vengeance
2024-10-15,Bigpapichulo,Band of Unanswered Prayers
2024-10-15,Arizana,Band of Unnatural Forces
2024-10-15,Feq,Band of Unnatural Forces
2024-10-15,Rusti,Band of Unnatural Forces
2024-10-15,Slashi,Band of Unnatural Forces
2024-10-15,Ábrams,Band of Unnatural Forces
2024-10-15,Prunes,Brimstone Staff
2024-10-15,Lockchiev,Cloak of the Necropolis
2024-10-15,Prunes,Crystal Webbed Robe
2024-10-15,Dionefastrgf,Doomfinger
2024-10-15,Skiiska,Doomfinger
2024-10-15,Airz,Eye of the Dead
2024-10-15,Bli,Eye of the Dead
2024-10-15,Bli,Eye of the Dead
2024-10-15,Reciprocate,Eye of the Dead
2024-10-15,Spacepump,Eye of the Dead
2024-10-15,Waumbek,Eye of the Dead
2024-10-15,Shaala,Ghoul Skin Tunic
2024-10-15,Michaelre,Girdle of the Mentor
2024-10-15,Microgodx,Girdle of the Mentor
2024-10-15,Ábrams,Girdle of the Mentor
2024-10-15,Impax,Hailstone Band
2024-10-15,Impax,Hailstone Band
2024-10-15,Bilbô,Hammer of the Twisting Nether
2024-10-15,Bilbô,Hammer of the Twisting Nether
2024-10-15,Saladblesing,Hammer of the Twisting Nether
2024-10-15,Yasuke,Hatchet of Sundered Bone
2024-10-15,Vanishh,Kingsfall
2024-10-15,Yasuke,Kingsfall
2024-10-15,Checkursix,Kiss of the Spider
2024-10-15,Finesse,Kiss of the Spider
2024-10-15,Glad,Kiss of the Spider
2024-10-15,Glad,Kiss of the Spider
2024-10-15,Knumb,Kiss of the Spider
2024-10-15,Pogg,Kiss of the Spider
2024-10-15,Rusti,Kiss of the Spider
2024-10-15,Slashi,Kiss of the Spider
2024-10-15,Toxicalover,Kiss of the Spider
2024-10-15,Shaala,Leggings of Apocalypse
2024-10-15,Chimpsmage,Leggings of Polarity
2024-10-15,Dionefastrgf,Leggings of Polarity
2024-10-15,Donzonæq,Leggings of Polarity
2024-10-15,Lockchiev,Leggings of Polarity
2024-10-15,Trine,Leggings of Polarity
2024-10-15,Toxicalover,Legplates of Carnage
2024-10-15,Arizana,Might of Menethil
2024-10-15,Pogg,Might of the Scourge
2024-10-15,Waumbek,Misplaced Servo Arm
2024-10-15,Bigpapichulo,Necklace of Necropsy
2024-10-15,Khentekhtai,Nerubian Slavemaker
2024-10-15,Nineteenhc,Nerubian Slavemaker
2024-10-15,Vanishh,Nerubian Slavemaker
2024-10-15,Pushw,Sadist's Collar
2024-10-15,Donzonæq,Sapphiron's Left Eye
2024-10-15,Spacepump,Sapphiron's Right Eye
2024-10-15,Skiiska,Seal of the Damned
2024-10-15,Reciprocate,Shield of Condemnation
2024-10-15,Feq,Shroud of Dominion
2024-10-15,Knumb,Shroud of Dominion
2024-10-15,Mistaveeb,Shroud of Dominion
2024-10-15,Checkursix,Slayer's Crest
2024-10-15,Finesse,Slayer's Crest
2024-10-15,Mistaveeb,Slayer's Crest
2024-10-15,Nineteenhc,Slayer's Crest
2024-10-15,Rootz,Slayer's Crest
2024-10-15,Rootz,Slayer's Crest
2024-10-15,Saladblesing,Slayer's Crest
2024-10-15,Abusementprk,Stormrage's Talisman of Seething
2024-10-15,Microgodx,Stormrage's Talisman of Seething
2024-10-15,Michaelre,The Castigator
2024-10-15,Khentekhtai,The Eye of Nerub
2024-10-15,Airz,The Face of Death
2024-10-15,Pushw,The Face of Death
2024-10-15,Briseis,The Restrained Essence of Sapphiron
2024-10-15,Chimpsmage,The Restrained Essence of Sapphiron
2024-10-15,Hegrid,The Restrained Essence of Sapphiron
2024-10-15,Hegrid,The Restrained Essence of Sapphiron
2024-10-15,Trine,The Restrained Essence of Sapphiron
2024-10-15,Briseis,The Soul Harvester's Bindings
2024-10-15,Abusementprk,Wristguards of Vengeance
2024-12-24,Yin,Band of Unanswered Prayers
2024-12-24,Zëro,Band of Unanswered Prayers
2024-12-24,Dilph,Band of Unnatural Forces
2024-12-24,Feq,Band of Unnatural Forces
2024-12-24,Getwrekt,Band of Unnatural Forces
2024-12-24,Emann,Cloak of Suturing
2024-12-24,Zëro,Cloak of Suturing
2024-12-24,Supgap,Cloak of the Necropolis
2024-12-24,Gduel,Corrupted Ashbringer
2024-12-24,Saladblesing,Corrupted Ashbringer
2024-12-24,Incubussy,Desecrated Robe
2024-12-24,Donzonæq,Doomfinger
2024-12-24,Arizana,Eye of the Dead
2024-12-24,Emann,Eye of the Dead
2024-12-24,Airz,Girdle of the Mentor
2024-12-24,Stiflersmom,Girdle of the Mentor
2024-12-24,Stiflersmom,Girdle of the Mentor
2024-12-24,Snugsafe,Hammer of the Twisting Nether
2024-12-24,Supgap,Hammer of the Twisting Nether
2024-12-24,Jhonytank,"Iblis, Blade of the Fallen Seraph"
2024-12-24,Pharos,"Iblis, Blade of the Fallen Seraph"
2024-12-24,Slout,"Iblis, Blade of the Fallen Seraph"
2024-12-24,Checkursix,Kingsfall
2024-12-24,Cornehc,Kingsfall
2024-12-24,Alpineey,Kiss of the Spider
2024-12-24,Alpineey,Kiss of the Spider
2024-12-24,Checkursix,Kiss of the Spider
2024-12-24,Craeylol,Kiss of the Spider
2024-12-24,Deltgodx,Kiss of the Spider
2024-12-24,Glad,Kiss of the Spider
2024-12-24,Glad,Kiss of the Spider
2024-12-24,Microgodx,Kiss of the Spider
2024-12-24,Shaala,Leggings of Apocalypse
2024-12-24,Shaala,Leggings of Apocalypse
2024-12-24,Skiiska,Leggings of Polarity
2024-12-24,Abusementprk,Legplates of Carnage
2024-12-24,Kirkybeast,Legplates of Carnage
2024-12-24,Slout,Legplates of Carnage
2024-12-24,Gduel,Might of Menethil
2024-12-24,Abusementprk,Might of the Scourge
2024-12-24,Airz,Might of the Scourge
2024-12-24,Arizana,Necklace of Necropsy
2024-12-24,Cornehc,Nerubian Slavemaker
2024-12-24,Kirkybeast,Nerubian Slavemaker
2024-12-24,Dilph,Plated Abomination Ribcage
2024-12-24,Michaelre,Plated Abomination Ribcage
2024-12-24,Scard,Rime Covered Mantle
2024-12-24,Snugsafe,Ring of Faith
2024-12-24,Incubussy,Sapphiron's Left Eye
2024-12-24,Skiiska,Seal of the Damned
2024-12-24,Getwrekt,Shroud of Dominion
2024-12-24,Toxicalover,Shroud of Dominion
2024-12-24,Vexhunt,Shroud of Dominion
2024-12-24,Craeylol,Slayer's Crest
2024-12-24,Jetrho,Slayer's Crest
2024-12-24,Jetrho,Slayer's Crest
2024-12-24,Saladblesing,Slayer's Crest
2024-12-24,Toxicalover,Slayer's Crest
2024-12-24,Vexhunt,Slayer's Crest
2024-12-24,Michaelre,Stormrage's Talisman of Seething
2024-12-24,Microgodx,Stormrage's Talisman of Seething
2024-12-24,Deltgodx,The Castigator
2024-12-24,Jhonytank,The Castigator
2024-12-24,Pharos,The Phylactery of Kel'Thuzad
2024-12-24,Burkinn,The Restrained Essence of Sapphiron
2024-12-24,Burkinn,The Restrained Essence of Sapphiron
2024-12-24,Donzonæq,The Restrained Essence of Sapphiron
2024-12-24,Hegred,The Restrained Essence of Sapphiron
2024-12-24,Hegred,The Restrained Essence of Sapphiron
2024-12-24,Zoomer,The Restrained Essence of Sapphiron
2024-12-24,Zoomer,The Restrained Essence of Sapphiron
2024-12-24,Yin,Wand of the Whispering Dead
2024-12-24,Scard,Wraith Blade
2024-12-24,Feq,Wristguards of Vengeance
2023-12-05,Mistaveeb,Band of Unnatural Forces
2023-12-05,Pogg,Band of Unnatural Forces
2023-12-05,Rootz,Band of Unnatural Forces
2023-12-05,Briseis,Brimstone Staff
2023-12-05,Gome,Cloak of the Necropolis
2023-12-05,Airz,Corrupted Ashbringer
2023-12-05,Censer,Desecrated Boots
2023-12-05,Miltonmane,Desecrated Boots
2023-12-05,Uwudaddy,Desecrated Circlet
2023-12-05,Dreamer,Desecrated Girdle
2023-12-05,Audem,Desecrated Robe
2023-12-05,Mainevent,Desecrated Robe
2023-12-05,Thurgood,Desecrated Shoulderpads
2023-12-05,Censer,Desecrated Spaulders
2023-12-05,Waumbek,Desecrated Tunic
2023-12-05,Baldbro,Eye of the Dead
2023-12-05,Mainevent,Eye of the Dead
2023-12-05,Paendrag,Eye of the Dead
2023-12-05,Gome,Gem of Trapped Innocents
2023-12-05,Nineteenhc,Ghoul Skin Tunic
2023-12-05,Iggyy,Girdle of the Mentor
2023-12-05,Graeggar,"Gressil, Dawn of Ruin"
2023-12-05,Mcballs,"Gressil, Dawn of Ruin"
2023-12-05,Tont,"Gressil, Dawn of Ruin"
2023-12-05,Zenz,"Gressil, Dawn of Ruin"
2023-12-05,Baldbro,Hammer of the Twisting Nether
2023-12-05,Briseis,Hammer of the Twisting Nether
2023-12-05,Miltonmane,Hammer of the Twisting Nether
2023-12-05,Thurgood,Hammer of the Twisting Nether
2023-12-05,Knumb,"Iblis, Blade of the Fallen Seraph"
2023-12-05,Mictlantecuh,"Iblis, Blade of the Fallen Seraph"
2023-12-05,Paendrag,Kingsfall
2023-12-05,Ratbag,Kingsfall
2023-12-05,Cleavadge,Kiss of the Spider
2023-12-05,Tont,Kiss of the Spider
2023-12-05,Zenz,Kiss of the Spider
2023-12-05,Rootz,Leggings of Apocalypse
2023-12-05,Nineteenhc,Legplates of Carnage
2023-12-05,Waumbek,Libram of Light
2023-12-05,Ratbag,Maexxna's Fang
2023-12-05,Airz,Might of Menethil
2023-12-05,Checkursix,Might of the Scourge
2023-12-05,Rickytan,Misplaced Servo Arm
2023-12-05,Rickytan,Misplaced Servo Arm
2023-12-05,Azzith,Nerubian Slavemaker
2023-12-05,Azzith,Nerubian Slavemaker
2023-12-05,Ruug,Nerubian Slavemaker
2023-12-05,Ruug,Nerubian Slavemaker
2023-12-05,Bli,Plated Abomination Ribcage
2023-12-05,Hegred,Power of the Scourge
2023-12-05,Audem,Rime Covered Mantle
2023-12-05,Burkinafaso,Sapphiron's Left Eye
2023-12-05,Tekilalove,Sapphiron's Left Eye
2023-12-05,Jensin,Sapphiron's Right Eye
2023-12-05,Farquaad,Shroud of Dominion
2023-12-05,Mistaveeb,Shroud of Dominion
2023-12-05,Pogg,Shroud of Dominion
2023-12-05,Checkursix,Slayer's Crest
2023-12-05,Farquaad,Slayer's Crest
2023-12-05,Nihilistik,Slayer's Crest
2023-12-05,Gandal,Soulseeker
2023-12-05,Sunderqt,Soulstring
2023-12-05,Bli,Stormrage's Talisman of Seething
2023-12-05,Knumb,The Castigator
2023-12-05,Mictlantecuh,The Castigator
2023-12-05,Sunderqt,The Castigator
2023-12-05,Dreamer,The End of Dreams
2023-12-05,Iggyy,The Face of Death
2023-12-05,Cleavadge,The Hungering Cold
2023-12-05,Graeggar,The Hungering Cold
2023-12-05,Mcballs,The Hungering Cold
2023-12-05,Nihilistik,The Hungering Cold
2023-12-05,Valeric,The Hungering Cold
2023-12-05,Valeric,The Hungering Cold
2023-12-05,Gandal,The Restrained Essence of Sapphiron
2023-12-05,Jensin,The Restrained Essence of Sapphiron
2023-12-05,Hegred,The Soul Harvester's Bindings
2023-12-05,Uwudaddy,Wand of Fates
2023-12-05,Burkinafaso,Wraith Blade
2023-12-05,Tekilalove,Wraith Blade
2024-09-25,Donzonæq,Doomfinger
2024-09-25,Bli,Eye of the Dead
2024-09-25,Dionefastrgf,Gem of Trapped Innocents
2024-09-25,Lockchiev,Gem of Trapped Innocents
2024-09-25,Amberturd,Hammer of the Twisting Nether
2024-09-25,Branremix,Hammer of the Twisting Nether
2024-09-25,Burkhealz,Hammer of the Twisting Nether
2024-09-25,Kurdinn,Hammer of the Twisting Nether
2024-09-25,Lilanni,Hammer of the Twisting Nether
2024-09-25,Miltonmane,Hammer of the Twisting Nether
2024-09-25,Mistav,Hammer of the Twisting Nether
2024-09-25,Nanaxxex,Hammer of the Twisting Nether
2024-09-25,Shaala,Hammer of the Twisting Nether
2024-09-25,Copecetic,Kingsfall
2024-09-25,Slashi,Kingsfall
2024-09-25,Vanishh,Kingsfall
2024-09-25,Yasuke,Kingsfall
2024-09-25,Alzera,Might of Menethil
2024-09-25,Dinoblunt,Might of Menethil
2024-09-25,Booyah,Nerubian Slavemaker
2024-09-25,Kuragen,Nerubian Slavemaker
2024-09-25,Pogg,Nerubian Slavemaker
2024-09-25,Saladblesing,Nerubian Slavemaker
2024-09-25,Ideals,Ring of Redemption
2024-09-25,Ábrams,Ring of the Dreadnaught
2024-09-25,Reciprocate,Shield of Condemnation
2024-09-25,Abusementprk,Stormrage's Talisman of Seething
2024-09-25,Checkursix,Stormrage's Talisman of Seething
2024-09-25,Critzmcgee,Stormrage's Talisman of Seething
2024-09-25,Feq,Stormrage's Talisman of Seething
2024-09-25,Finesse,Stormrage's Talisman of Seething
2024-09-25,Glad,Stormrage's Talisman of Seething
2024-09-25,Michaelre,Stormrage's Talisman of Seething
2024-09-25,Rusti,Stormrage's Talisman of Seething
2024-09-25,Toxicalover,Stormrage's Talisman of Seething
2024-09-25,Chimpsmage,The Phylactery of Kel'Thuzad
2024-09-25,Trine,The Phylactery of Kel'Thuzad
2025-11-05,Twobraids,Band of Unanswered Prayers
2025-11-05,Ares,Band of Unnatural Forces
2025-11-05,Huxli,Band of Unnatural Forces
2025-11-05,Moonee,Band of Unnatural Forces
2025-10-30,Rusti,Band of Unnatural Forces
2025-11-03,Slout,Band of Unnatural Forces
2025-11-05,Biubiuu,Brimstone Staff
2025-11-05,Calul,Cloak of the Necropolis
2025-11-05,Deadcoiles,Cloak of the Necropolis
2025-11-04,Solidsmtx,Corrupted Ashbringer
2025-11-05,Abusementprk,Eye of the Dead
2025-11-05,Bispriest,Eye of the Dead
2025-11-05,Chimpsbald,Eye of the Dead
2025-11-05,Grapedrink,Eye of the Dead
2025-11-05,Holyfist,Eye of the Dead
2025-11-05,Rootz,Eye of the Dead
2025-11-05,Technology,Eye of the Dead
2025-11-05,Twobraids,Eye of the Dead
2025-11-05,Grapedrink,Ghoul Skin Tunic
2025-11-05,Macthorson,Girdle of the Mentor
2025-11-05,Mesmasshuu,Girdle of the Mentor
2025-11-05,Saladbalding,Girdle of the Mentor
2025-11-05,Sorschia,Girdle of the Mentor
2025-11-05,Chimpsbald,Hammer of the Twisting Nether
2025-11-05,Technology,Hammer of the Twisting Nether
2025-11-05,Nomerdva,"Iblis, Blade of the Fallen Seraph"
2025-11-05,Zosokid,"Iblis, Blade of the Fallen Seraph"
2025-11-04,Mikere,Kingsfall
2025-11-05,Vazec,Kingsfall
2025-11-03,Anticide,Kiss of the Spider
2025-11-03,Anticide,Kiss of the Spider
2025-11-05,Dilphiv,Kiss of the Spider
2025-11-05,Mesmasshuu,Kiss of the Spider
2025-11-05,Microgodx,Kiss of the Spider
2025-11-05,Microgodx,Kiss of the Spider
2025-11-05,Moonee,Kiss of the Spider
2025-11-05,Saladbalding,Kiss of the Spider
2025-11-05,Greybush,Leggings of Polarity
2025-10-29,Andragan,Legplates of Carnage
2025-10-29,Andragan,Legplates of Carnage
2025-11-04,Solidsmtx,Legplates of Carnage
2025-10-29,Buhf,Maexxna's Fang
2025-11-05,Patriot,Might of Menethil
2025-11-05,Ares,Might of the Scourge
2025-11-05,Vazec,Might of the Scourge
2025-11-05,Abusementprk,Nerubian Slavemaker
2025-11-05,Meco,Nerubian Slavemaker
2025-11-05,Meco,Nerubian Slavemaker
2025-11-05,Goathearder,Power of the Scourge
2025-11-05,Biubiuu,Rime Covered Mantle
2025-11-05,Goathearder,Rime Covered Mantle
2025-11-05,Kushcloud,Rime Covered Mantle
2025-11-05,Calul,Sapphiron's Left Eye
2025-11-05,Bispriest,Sapphiron's Right Eye
2025-11-05,Holyfist,Shield of Condemnation
2025-11-05,Patriot,Shield of Condemnation
2025-11-05,Dwamasama,Shroud of Dominion
2025-11-05,Glad,Shroud of Dominion
2025-11-05,Glad,Shroud of Dominion
2025-11-05,Madder,Shroud of Dominion
2025-11-05,Dilphiv,Slayer's Crest
2025-11-05,Madder,Slayer's Crest
2025-11-04,Mikere,Slayer's Crest
2025-11-05,Rootz,Slayer's Crest
2025-10-30,Rusti,Slayer's Crest
2025-11-03,Slout,Slayer's Crest
2025-11-05,Zosokid,Slayer's Crest
2025-11-05,Dwamasama,Stormrage's Talisman of Seething
2025-11-05,Huxli,Stormrage's Talisman of Seething
2025-11-05,Macthorson,The Castigator
2025-11-05,Nomerdva,The Castigator
2025-10-29,Buhf,The Phylactery of Kel'Thuzad
2025-11-05,Deadcoiles,The Restrained Essence of Sapphiron
2025-11-05,Greybush,The Restrained Essence of Sapphiron
2025-11-05,Trine,The Restrained Essence of Sapphiron
2025-11-05,Trine,The Restrained Essence of Sapphiron
2025-11-05,Kushcloud,The Soul Harvester's Bindings
2025-11-05,Sorschia,Wristguards of Vengeance
2025-11-16,Healsniper,Band of Unanswered Prayers
2025-11-18,Huxli,Band of Unnatural Forces
2025-11-18,Rusti,Band of Unnatural Forces
2025-11-18,Deadcoiles,Cloak of the Necropolis
2025-11-18,Julios,Cloak of the Necropolis
2025-11-18,Solidsmtx,Corrupted Ashbringer
2025-11-18,Caluward,Desecrated Sandals
2025-11-18,Abusementprk,Eye of the Dead
2025-11-17,Bigcheeser,Eye of the Dead
2025-11-18,Bispriest,Eye of the Dead
2025-11-18,Bispriest,Eye of the Dead
2025-11-18,Chimpsbald,Eye of the Dead
2025-11-18,Grapedrink,Eye of the Dead
2025-11-16,Healsniper,Eye of the Dead
2025-11-18,Grapedrink,Ghoul Skin Tunic
2025-11-18,Saladbalding,Girdle of the Mentor
2025-11-18,Torreypines,Girdle of the Mentor
2025-11-17,Bigcheeser,Hammer of the Twisting Nether
2025-11-18,Chimpsbald,Hammer of the Twisting Nether
2025-11-18,Numbrodos,Hammer of the Twisting Nether
2025-11-18,Andra,"Iblis, Blade of the Fallen Seraph"
2025-11-18,Lagerthafury,"Iblis, Blade of the Fallen Seraph"
2025-11-17,Buhf,Kingsfall
2025-11-18,Anticide,Kiss of the Spider
2025-11-18,Anticide,Kiss of the Spider
2025-11-17,Buhf,Kiss of the Spider
2025-11-18,Dilphiv,Kiss of the Spider
2025-11-17,Microgodx,Kiss of the Spider
2025-11-17,Microgodx,Kiss of the Spider
2025-11-18,Saladbalding,Kiss of the Spider
2025-11-18,Torreypines,Kiss of the Spider
2025-11-16,Vallanz,Leggings of Polarity
2025-11-18,Andra,Legplates of Carnage
2025-11-18,Solidsmtx,Legplates of Carnage
2025-11-18,Patriot,Might of Menethil
2025-11-18,Gaping,Misplaced Servo Arm
2025-11-18,Abusementprk,Nerubian Slavemaker
2025-11-18,Donzon,Nerubian Slavemaker
2025-11-18,Glad,Nerubian Slavemaker
2025-11-18,Goathearder,Rime Covered Mantle
2025-11-16,Vallanz,Rime Covered Mantle
2025-11-18,Hurb,Sadist's Collar
2025-11-18,Biubiuu,Sapphiron's Left Eye
2025-11-18,Greybush,Sapphiron's Left Eye
2025-11-18,Mhorana,Sapphiron's Right Eye
2025-11-18,Patriot,Shield of Condemnation
2025-11-18,Donzon,Shroud of Dominion
2025-11-18,Dwamasama,Shroud of Dominion
2025-11-18,Ethos,Shroud of Dominion
2025-11-18,Glad,Shroud of Dominion
2025-11-18,Lagerthafury,Shroud of Dominion
2025-11-18,Madder,Shroud of Dominion
2025-11-18,Dilphiv,Slayer's Crest
2025-11-18,Macthorson,Slayer's Crest
2025-11-18,Madder,Slayer's Crest
2025-11-18,Rusti,Slayer's Crest
2025-11-18,Zosokid,Slayer's Crest
2025-11-18,Zosokid,Slayer's Crest
2025-11-18,Dwamasama,Stormrage's Talisman of Seething
2025-11-18,Huxli,Stormrage's Talisman of Seething
2025-11-18,Gaping,The Castigator
2025-11-18,Macthorson,The Castigator
2025-11-18,Deadcoiles,The Restrained Essence of Sapphiron
2025-11-18,Goathearder,The Restrained Essence of Sapphiron
2025-11-18,Greybush,The Restrained Essence of Sapphiron
2025-11-18,Numbrodos,The Restrained Essence of Sapphiron
2025-11-18,Kushcloud,The Soul Harvester's Bindings
2025-11-18,Kushcloud,The Soul Harvester's Bindings
2025-11-18,Caluward,The Widow's Embrace
2025-11-18,Ethos,The Widow's Embrace
2025-11-18,Mhorana,Wand of the Whispering Dead
2025-11-18,Biubiuu,Wraith Blade
2025-11-18,Julios,Wraith Blade
2025-11-18,Hurb,Wristguards of Vengeance
2024-05-21,Alpineey,Band of Unnatural Forces
2024-05-21,Finesse,Band of Unnatural Forces
2024-05-21,Madmaxjr,Band of Unnatural Forces
2024-05-21,Mcballs,Band of Unnatural Forces
2024-05-21,Mictlantecuh,Band of Unnatural Forces
2024-05-21,Vanishh,Band of Unnatural Forces
2024-05-21,Supgap,Band of the Inevitable
2024-05-21,Onefiftyone,Cloak of Suturing
2024-05-21,Waumbek,Cryptfiend Silk Cloak
2024-05-21,Copacetic,Desecrated Circlet
2024-05-21,Copacetic,Desecrated Robe
2024-05-21,Burkinafaso,Doomfinger
2024-05-21,Miltonmane,Eye of Diminution
2024-05-21,Gandal,Eye of the Dead
2024-05-21,Lilanni,Eye of the Dead
2024-05-21,Ogbigz,Eye of the Dead
2024-05-21,Shaala,Eye of the Dead
2024-05-21,Spacepimp,Eye of the Dead
2024-05-21,Stickylicky,Eye of the Dead
2024-05-21,Bli,Ghoul Skin Tunic
2024-05-21,Donfrye,Girdle of the Mentor
2024-05-21,Panduuh,Girdle of the Mentor
2024-05-21,Ábrams,Girdle of the Mentor
2024-05-21,Miltonmane,Hammer of the Twisting Nether
2024-05-21,Ogbigz,Hammer of the Twisting Nether
2024-05-21,Shaala,Hammer of the Twisting Nether
2024-05-21,Spacepimp,Hammer of the Twisting Nether
2024-05-21,Stickylicky,Hammer of the Twisting Nether
2024-05-21,Aleice,"Iblis, Blade of the Fallen Seraph"
2024-05-21,Checkursix,"Iblis, Blade of the Fallen Seraph"
2024-05-21,Finesse,"Iblis, Blade of the Fallen Seraph"
2024-05-21,Jetrho,Kingsfall
2024-05-21,Abusementprk,Kiss of the Spider
2024-05-21,Abusementprk,Kiss of the Spider
2024-05-21,Checkursix,Kiss of the Spider
2024-05-21,Chims,Kiss of the Spider
2024-05-21,Chims,Kiss of the Spider
2024-05-21,Dinoblunt,Kiss of the Spider
2024-05-21,Donfrye,Kiss of the Spider
2024-05-21,Mcballs,Kiss of the Spider
2024-05-21,Pogg,Kiss of the Spider
2024-05-21,Bojjo,Leggings of Polarity
2024-05-21,Alpineey,Legplates of Carnage
2024-05-21,Dinoblunt,Legplates of Carnage
2024-05-21,Dmackk,Legplates of Carnage
2024-05-21,Ábrams,Legplates of Carnage
2024-05-21,Arizana,Might of Menethil
2024-05-21,Waumbek,Might of Menethil
2024-05-21,Arizana,Might of the Scourge
2024-05-21,Madmaxjr,Might of the Scourge
2024-05-21,Bli,Nerubian Slavemaker
2024-05-21,Panduuh,Plated Abomination Ribcage
2024-05-21,Sundergang,Plated Abomination Ribcage
2024-05-21,Burkinafaso,Rime Covered Mantle
2024-05-21,Lilanni,Ring of Faith
2024-05-21,Impax,Sapphiron's Left Eye
2024-05-21,Dmackk,Shroud of Dominion
2024-05-21,Mistaveeb,Shroud of Dominion
2024-05-21,Jetrho,Slayer's Crest
2024-05-21,Mictlantecuh,Slayer's Crest
2024-05-21,Nineteenalt,Slayer's Crest
2024-05-21,Nineteenalt,Slayer's Crest
2024-05-21,Pogg,Slayer's Crest
2024-05-21,Ruug,Slayer's Crest
2024-05-21,Ruug,Slayer's Crest
2024-05-21,Vanishh,Slayer's Crest
2024-05-21,Mistaveeb,Stormrage's Talisman of Seething
2024-05-21,Sundergang,Stormrage's Talisman of Seething
2024-05-21,Aleice,The Castigator
2024-05-21,Glad,The Castigator
2024-05-21,Glad,The Castigator
2024-05-21,Bojjo,The Phylactery of Kel'Thuzad
2024-05-21,Impax,The Restrained Essence of Sapphiron
2024-05-21,Supgap,The Restrained Essence of Sapphiron
2024-05-21,Gandal,Veil of Eclipse
2024-05-21,Gome,Wand of Fates
2024-05-21,Gome,Wand of Fates
2024-05-21,Onefiftyone,Wand of the Whispering Dead
2025-12-30,Yumii,Band of Unanswered Prayers
2025-12-30,Andragan,Band of Unnatural Forces
2025-12-30,Andragan,Band of Unnatural Forces
2025-12-30,Dilphiv,Band of Unnatural Forces
2025-12-30,Torreypines,Band of Unnatural Forces
2025-12-30,Tyrannous,Cloak of Suturing
2025-12-30,Yumii,Cloak of Suturing
2025-12-30,Deadcoiles,Cloak of the Necropolis
2025-12-30,Deadcoiles,Cloak of the Necropolis
2025-12-30,Macthorson,Corrupted Ashbringer
2025-12-30,Meco,Corrupted Ashbringer
2025-12-30,Meco,Corrupted Ashbringer
2025-12-30,Yxmipal,Cryptfiend Silk Cloak
2025-12-30,Messalina,Desecrated Circlet
2025-12-30,Caluward,Desecrated Robe
2025-12-30,Messalina,Desecrated Robe
2025-12-30,Bispriest,Eye of the Dead
2025-12-30,Bispriest,Eye of the Dead
2025-12-30,Dwarfjessus,Eye of the Dead
2025-12-30,Abbatha,Ghoul Skin Tunic
2025-12-30,Keeki,Girdle of the Mentor
2025-12-30,Mlb,Girdle of the Mentor
2025-12-30,Saladbalding,Girdle of the Mentor
2025-12-30,Dwarfjessus,Hammer of the Twisting Nether
2025-12-30,Hasher,Hammer of the Twisting Nether
2025-12-30,Yxmipal,Hammer of the Twisting Nether
2025-12-30,Kennyypowers,Harbinger of Doom
2025-12-30,Anticide,"Iblis, Blade of the Fallen Seraph"
2025-12-30,Toxiclatina,"Iblis, Blade of the Fallen Seraph"
2025-12-30,Zosokid,"Iblis, Blade of the Fallen Seraph"
2025-12-30,Keeki,Kingsfall
2025-12-30,Anticide,Kiss of the Spider
2025-12-30,Deathwishh,Kiss of the Spider
2025-12-30,Dwama,Kiss of the Spider
2025-12-30,Hurb,Kiss of the Spider
2025-12-30,Hurb,Kiss of the Spider
2025-12-30,Microgodx,Kiss of the Spider
2025-12-30,Microgodx,Kiss of the Spider
2025-12-30,Moonee,Kiss of the Spider
2025-12-30,Torreypines,Kiss of the Spider
2025-12-30,Abbatha,Leggings of Apocalypse
2025-12-30,Ubërzealot,Leggings of Polarity
2025-12-30,Deathwishh,Legplates of Carnage
2025-12-30,Dwama,Legplates of Carnage
2025-12-30,Moonee,Legplates of Carnage
2025-12-30,Kodejack,Might of Menethil
2025-12-30,Lornauarcos,Might of the Scourge
2025-12-30,Zosokid,Might of the Scourge
2025-12-30,Abusementpar,Misplaced Servo Arm
2025-12-30,Hasher,Necklace of Necropsy
2025-12-30,Glad,Nerubian Slavemaker
2025-12-30,Glad,Nerubian Slavemaker
2025-12-30,Kennyypowers,Nerubian Slavemaker
2025-12-30,Spectral,Plated Abomination Ribcage
2025-12-30,Griezman,Shield of Condemnation
2025-12-30,Kodejack,Shield of Condemnation
2025-12-30,Tyrannous,Shield of Condemnation
2025-12-30,Ethos,Shroud of Dominion
2025-12-30,Macthorson,Shroud of Dominion
2025-12-30,Dilphiv,Slayer's Crest
2025-12-30,Ethos,Slayer's Crest
2025-12-30,Rusti,Slayer's Crest
2025-12-30,Rusti,Slayer's Crest
2025-12-30,Slout,Slayer's Crest
2025-12-30,Saladbalding,Stormrage's Talisman of Seething
2025-12-30,Slout,Stormrage's Talisman of Seething
2025-12-30,Spectral,Stormrage's Talisman of Seething
2025-12-30,Abusementpar,The Castigator
2025-12-30,Lornauarcos,The Phylactery of Kel'Thuzad
2025-12-30,Ubërzealot,The Restrained Essence of Sapphiron
2025-12-30,Battlemagus,The Soul Harvester's Bindings
2025-12-30,Kushcloud,The Soul Harvester's Bindings
2025-12-30,Kushcloud,The Soul Harvester's Bindings
2025-12-30,Griezman,The Widow's Embrace
2025-12-30,Caluward,Wand of the Whispering Dead
2025-12-30,Battlemagus,Wraith Blade
2025-12-30,Mlb,Wristguards of Vengeance
2025-12-30,Toxiclatina,Wristguards of Vengeance
2024-04-02,Jensin,Band of Unanswered Prayers
2024-04-02,Mictlantecuh,Band of Unnatural Forces
2024-04-02,Rootz,Band of Unnatural Forces
2024-04-02,Hegred,Cloak of the Necropolis
2024-04-02,Nearl,Cloak of the Scourge
2024-04-02,Waumbek,Cryptfiend Silk Cloak
2024-04-02,Burkinn,Desecrated Robe
2024-04-02,Priestrofl,Desecrated Robe
2024-04-02,Miltonmane,Desecrated Spaulders
2024-04-02,Jetrho,Desecrated Tunic
2024-04-02,Miltonmane,Desecrated Tunic
2024-04-02,Bli,Eye of the Dead
2024-04-02,Bli,Eye of the Dead
2024-04-02,Gandal,Eye of the Dead
2024-04-02,Onefiftyone,Eye of the Dead
2024-04-02,Onefiftyone,Eye of the Dead
2024-04-02,Petdenoune,Eye of the Dead
2024-04-02,Shaala,Eye of the Dead
2024-04-02,Impax,Gem of Trapped Innocents
2024-04-02,Dinoblunt,Girdle of the Mentor
2024-04-02,Mistaveeb,Girdle of the Mentor
2024-04-02,Pogg,Girdle of the Mentor
2024-04-02,Yagå,Girdle of the Mentor
2024-04-02,Gandal,Hammer of the Twisting Nether
2024-04-02,Petdenoune,Hammer of the Twisting Nether
2024-04-02,Rickytanx,Hatchet of Sundered Bone
2024-04-02,Alpineey,"Iblis, Blade of the Fallen Seraph"
2024-04-02,Checkursix,"Iblis, Blade of the Fallen Seraph"
2024-04-02,Nearl,Kingsfall
2024-04-02,Abusementprk,Kiss of the Spider
2024-04-02,Checkursix,Kiss of the Spider
2024-04-02,Chims,Kiss of the Spider
2024-04-02,Chims,Kiss of the Spider
2024-04-02,Mcballs,Kiss of the Spider
2024-04-02,Nineteenalt,Kiss of the Spider
2024-04-02,Nineteenalt,Kiss of the Spider
2024-04-02,Outbreak,Kiss of the Spider
2024-04-02,Bojjo,Leggings of Polarity
2024-04-02,Shortandthic,Leggings of Polarity
2024-04-02,Mae,Libram of Light
2024-04-02,Airz,Might of Menethil
2024-04-02,Airz,Might of Menethil
2024-04-02,Spach,Might of Menethil
2024-04-02,Waumbek,Might of Menethil
2024-04-02,Dirtydëëds,Might of the Scourge
2024-04-02,Jetrho,Nerubian Slavemaker
2024-04-02,Rickytanx,Plated Abomination Ribcage
2024-04-02,Gome,Preceptor's Hat
2024-04-02,Skiiska,Resilience of the Scourge
2024-04-02,Priestrofl,Rime Covered Mantle
2024-04-02,Jensin,Ring of Faith
2024-04-02,Dirtydëëds,Sadist's Collar
2024-04-02,Impax,Sapphiron's Left Eye
2024-04-02,Mae,Shield of Condemnation
2024-04-02,Cleavadge,Shroud of Dominion
2024-04-02,Ruug,Shroud of Dominion
2024-04-02,Abusementprk,Slayer's Crest
2024-04-02,Knumb,Slayer's Crest
2024-04-02,Mcballs,Slayer's Crest
2024-04-02,Outbreak,Slayer's Crest
2024-04-02,Pogg,Slayer's Crest
2024-04-02,Ruug,Slayer's Crest
2024-04-02,Branremix,Stormrage's Talisman of Seething
2024-04-02,Mictlantecuh,Stormrage's Talisman of Seething
2024-04-02,Mistaveeb,Stormrage's Talisman of Seething
2024-04-02,Rootz,Stormrage's Talisman of Seething
2024-04-02,Dinoblunt,The Castigator
2024-04-02,Spach,The Castigator
2024-04-02,Alpineey,The Phylactery of Kel'Thuzad
2024-04-02,Bojjo,The Restrained Essence of Sapphiron
2024-04-02,Hegred,The Restrained Essence of Sapphiron
2024-04-02,Shaala,The Widow's Embrace
2024-04-02,Skiiska,Wand of the Whispering Dead
2024-04-02,Burkinn,Wraith Blade
2024-04-02,Shortandthic,Wraith Blade
2024-04-02,Branremix,Wristguards of Vengeance
2024-04-02,Cleavadge,Wristguards of Vengeance
2024-04-02,Knumb,Wristguards of Vengeance
2024-04-02,Yagå,Wristguards of Vengeance
2026-01-27,Gaussdx,Band of Unanswered Prayers
2026-01-27,Mesmasshuu,Band of Unnatural Forces
2026-01-27,Mlb,Band of Unnatural Forces
2026-01-27,Ubërzealot,Band of the Inevitable
2026-01-27,Zosokid,Claw of the Frost Wyrm
2026-01-27,Caludin,Cloak of Suturing
2026-01-27,Branremix,Corrupted Ashbringer
2026-01-27,Macthorson,Corrupted Ashbringer
2026-01-27,Holyfist,Cryptfiend Silk Cloak
2026-01-27,Chimpsmage,Doomfinger
2026-01-27,Briseis,Eye of the Dead
2026-01-27,Chickendude,Eye of the Dead
2026-01-27,Holysock,Eye of the Dead
2026-01-27,Stradamusx,Eye of the Dead
2026-01-27,Yoruichi,Eye of the Dead
2026-01-27,Aoeaoeaoeaoe,Gem of Trapped Innocents
2026-01-27,Deathwishh,Girdle of the Mentor
2026-01-27,Mesmasshuu,Girdle of the Mentor
2026-01-27,Mlb,Girdle of the Mentor
2026-01-27,Gaussdx,Hammer of the Twisting Nether
2026-01-27,Holysock,Hammer of the Twisting Nether
2026-01-27,Lalmoriel,Hammer of the Twisting Nether
2026-01-27,Yoruichi,Hammer of the Twisting Nether
2026-01-27,Yumii,Hammer of the Twisting Nether
2026-01-27,Yumii,Hammer of the Twisting Nether
2026-01-27,Aile,Harbinger of Doom
2026-01-27,Ashi,"Iblis, Blade of the Fallen Seraph"
2026-01-27,Goondini,"Iblis, Blade of the Fallen Seraph"
2026-01-27,Dostabs,Kingsfall
2026-01-27,Dostabs,Kingsfall
2026-01-27,Kennyypowers,Kingsfall
2026-01-27,Yasuke,Kingsfall
2026-01-27,Abusementpar,Kiss of the Spider
2026-01-27,Aile,Kiss of the Spider
2026-01-27,Deathwishh,Kiss of the Spider
2026-01-27,Dwama,Kiss of the Spider
2026-01-27,Macthorson,Kiss of the Spider
2026-01-27,Microgodx,Kiss of the Spider
2026-01-27,Microgodx,Kiss of the Spider
2026-01-27,Moonee,Kiss of the Spider
2026-01-27,Necropharus,Kiss of the Spider
2026-01-27,Necropharus,Kiss of the Spider
2026-01-27,Valerik,Kiss of the Spider
2026-01-27,Valerik,Kiss of the Spider
2026-01-27,Uwudaddy,Leggings of Polarity
2026-01-27,Dilphiv,Legplates of Carnage
2026-01-27,Moonee,Legplates of Carnage
2026-01-27,Fuzz,Might of Menethil
2026-01-27,Zosokid,Might of the Scourge
2026-01-27,Caludin,Necklace of Necropsy
2026-01-27,Glad,Nerubian Slavemaker
2026-01-27,Glad,Nerubian Slavemaker
2026-01-27,Kennyypowers,Nerubian Slavemaker
2026-01-27,Slout,Nerubian Slavemaker
2026-01-27,Ubërzealot,Sapphiron's Left Eye
2026-01-27,Titiheal,Sapphiron's Right Eye
2026-01-27,Griezman,Shield of Condemnation
2026-01-27,Doomdeux,Shroud of Dominion
2026-01-27,Madder,Shroud of Dominion
2026-01-27,Yasuke,Shroud of Dominion
2026-01-27,Abusementpar,Slayer's Crest
2026-01-27,Ashi,Slayer's Crest
2026-01-27,Branremix,Slayer's Crest
2026-01-27,Dilphiv,Slayer's Crest
2026-01-27,Rusti,Slayer's Crest
2026-01-27,Rusti,Slayer's Crest
2026-01-27,Slout,Slayer's Crest
2026-01-27,Doomdeux,Stormrage's Talisman of Seething
2026-01-27,Dwama,Stormrage's Talisman of Seething
2026-01-27,Madder,Stormrage's Talisman of Seething
2026-01-27,Spectral,Stormrage's Talisman of Seething
2026-01-27,Holyfist,The Face of Death
2026-01-27,Briseis,The Restrained Essence of Sapphiron
2026-01-27,Chimpsmage,The Restrained Essence of Sapphiron
2026-01-27,Uwudaddy,The Restrained Essence of Sapphiron
2026-01-27,Aoeaoeaoeaoe,The Soul Harvester's Bindings
2026-01-27,Kushcloud,The Soul Harvester's Bindings
2026-01-27,Kushcloud,The Soul Harvester's Bindings
2026-01-27,Lalmoriel,The Widow's Embrace
2026-01-27,Titiheal,Wand of the Whispering Dead
2026-01-27,Goondini,Widow's Remorse
2025-12-23,Buhf,Band of Unnatural Forces
2025-12-23,Dilphiv,Band of Unnatural Forces
2025-12-23,Torreypines,Band of Unnatural Forces
2025-12-23,Caludin,Cloak of Suturing
2025-12-23,Macthorson,Corrupted Ashbringer
2025-12-23,Numbrodos,Corrupted Ashbringer
2025-12-23,Ubërzealot,Desecrated Circlet
2025-12-23,Ubërzealot,Desecrated Robe
2025-12-23,Bispriest,Eye of the Dead
2025-12-23,Bispriest,Eye of the Dead
2025-12-23,Briseis,Eye of the Dead
2025-12-23,Aryn,Gem of Trapped Innocents
2025-12-23,Abbatha,Ghoul Skin Tunic
2025-12-23,Mlb,Girdle of the Mentor
2025-12-23,Saladbalding,Girdle of the Mentor
2025-12-23,Caludin,Hammer of the Twisting Nether
2025-12-23,Dwarfjessus,Hammer of the Twisting Nether
2025-12-23,Taliss,Hammer of the Twisting Nether
2025-12-23,Taliss,Hammer of the Twisting Nether
2025-12-23,Sorschia,"Iblis, Blade of the Fallen Seraph"
2025-12-23,Toxiclatina,"Iblis, Blade of the Fallen Seraph"
2025-12-23,Yasuke,Kingsfall
2025-12-23,Buhf,Kiss of the Spider
2025-12-23,Deathwishh,Kiss of the Spider
2025-12-23,Furiiosa,Kiss of the Spider
2025-12-23,Hurb,Kiss of the Spider
2025-12-23,Hurb,Kiss of the Spider
2025-12-23,Microgodx,Kiss of the Spider
2025-12-23,Microgodx,Kiss of the Spider
2025-12-23,Moonee,Kiss of the Spider
2025-12-23,Torreypines,Kiss of the Spider
2025-12-23,Abbatha,Leggings of Apocalypse
2025-12-23,Enormous,Leggings of Polarity
2025-12-23,Evilge,Leggings of Polarity
2025-12-23,Deathwishh,Legplates of Carnage
2025-12-23,Gilburt,Legplates of Carnage
2025-12-23,Moonee,Legplates of Carnage
2025-12-23,Sorschia,Legplates of Carnage
2025-12-23,Numbrodos,Might of Menethil
2025-12-23,Delusion,Might of the Scourge
2025-12-23,Zosokid,Might of the Scourge
2025-12-23,Donzon,Nerubian Slavemaker
2025-12-23,Donzon,Nerubian Slavemaker
2025-12-23,Dwamasama,Nerubian Slavemaker
2025-12-23,Glad,Nerubian Slavemaker
2025-12-23,Glad,Nerubian Slavemaker
2025-12-23,Gilburt,Plated Abomination Ribcage
2025-12-23,Aryn,Preceptor's Hat
2025-12-23,Dwarfjessus,Rime Covered Mantle
2025-12-23,Dodecanol,Ring of Faith
2025-12-23,Enormous,Sapphiron's Left Eye
2025-12-23,Griezman,Shield of Condemnation
2025-12-23,Dwamasama,Shroud of Dominion
2025-12-23,Macthorson,Shroud of Dominion
2025-12-23,Yasuke,Shroud of Dominion
2025-12-23,Dilphiv,Slayer's Crest
2025-12-23,Furiiosa,Slayer's Crest
2025-12-23,Madder,Slayer's Crest
2025-12-23,Madder,Slayer's Crest
2025-12-23,Slout,Slayer's Crest
2025-12-23,Zosokid,Slayer's Crest
2025-12-23,Delusion,Soulstring
2025-12-23,Slout,Stormrage's Talisman of Seething
2025-12-23,Saladbalding,The Castigator
2025-12-23,Briseis,The Restrained Essence of Sapphiron
2025-12-23,Dodecanol,The Restrained Essence of Sapphiron
2025-12-23,Evilge,The Restrained Essence of Sapphiron
2025-12-23,Gaussxd,The Restrained Essence of Sapphiron
2025-12-23,Gaussxd,The Restrained Essence of Sapphiron
2025-12-23,Greybush,The Restrained Essence of Sapphiron
2025-12-23,Greybush,The Restrained Essence of Sapphiron
2025-12-23,Trine,The Restrained Essence of Sapphiron
2025-12-23,Trine,The Restrained Essence of Sapphiron
2025-12-23,Kushcloud,The Soul Harvester's Bindings
2025-12-23,Kushcloud,The Soul Harvester's Bindings
2025-12-23,Griezman,The Widow's Embrace
2025-12-23,Mlb,Wristguards of Vengeance
2025-12-23,Toxiclatina,Wristguards of Vengeance
2023-11-14,Cosmicheals,Band of Unanswered Prayers
2023-11-14,Bli,Band of Unnatural Forces
2023-11-14,Mistaveeb,Band of Unnatural Forces
2023-11-14,Paendrag,Band of Unnatural Forces
2023-11-14,Checkursix,Boots of Displacement
2023-11-14,Eronimo,Brimstone Staff
2023-11-14,Tekilalove,Brimstone Staff
2023-11-14,Waumbek,Cloak of Suturing
2023-11-14,Airz,Corrupted Ashbringer
2023-11-14,Gome,Desecrated Circlet
2023-11-14,Saacon,Desecrated Circlet
2023-11-14,Uwudaddy,Desecrated Circlet
2023-11-14,Baldbro,Desecrated Headpiece
2023-11-14,Ruug,Desecrated Headpiece
2023-11-14,Audem,Desecrated Robe
2023-11-14,Kurdinn,Desecrated Robe
2023-11-14,Mainevent,Desecrated Robe
2023-11-14,Saacon,Desecrated Robe
2023-11-14,Tekilalove,Desecrated Robe
2023-11-14,Thurgood,Desecrated Robe
2023-11-14,Baldbro,Desecrated Spaulders
2023-11-14,Miltonmane,Desecrated Spaulders
2023-11-14,Farquaad,Desecrated Tunic
2023-11-14,Censer,Desecrated Wristguards
2023-11-14,Mainevent,Eye of the Dead
2023-11-14,Miltonmane,Eye of the Dead
2023-11-14,Thurgood,Eye of the Dead
2023-11-14,Gandal,Fortitude of the Scourge
2023-11-14,Alpineey,Girdle of the Mentor
2023-11-14,Graeggar,Girdle of the Mentor
2023-11-14,Branremix,"Gressil, Dawn of Ruin"
2023-11-14,Checkursix,"Gressil, Dawn of Ruin"
2023-11-14,Graeggar,"Gressil, Dawn of Ruin"
2023-11-14,Mcballs,"Gressil, Dawn of Ruin"
2023-11-14,Pogg,"Gressil, Dawn of Ruin"
2023-11-14,Cosmicheals,Hammer of the Twisting Nether
2023-11-14,Paendrag,Harbinger of Doom
2023-11-14,Crsw,"Iblis, Blade of the Fallen Seraph"
2023-11-14,Mictlantecuh,"Iblis, Blade of the Fallen Seraph"
2023-11-14,Pogg,"Iblis, Blade of the Fallen Seraph"
2023-11-14,Alpineey,Kiss of the Spider
2023-11-14,Ava,Kiss of the Spider
2023-11-14,Cleavadge,Kiss of the Spider
2023-11-14,Falariss,Kiss of the Spider
2023-11-14,Falariss,Kiss of the Spider
2023-11-14,Mcballs,Kiss of the Spider
2023-11-14,Rootz,Leggings of Apocalypse
2023-11-14,Burkinafaso,Leggings of Polarity
2023-11-14,Jensin,Leggings of Polarity
2023-11-14,Nineteenhc,Legplates of Carnage
2023-11-14,Airz,Might of Menethil
2023-11-14,Dinoblunt,Might of Menethil
2023-11-14,Rootz,Might of the Scourge
2023-11-14,Rickytan,Misplaced Servo Arm
2023-11-14,Rickytan,Misplaced Servo Arm
2023-11-14,Waumbek,Necklace of Necropsy
2023-11-14,Farquaad,Nerubian Slavemaker
2023-11-14,Ruug,Nerubian Slavemaker
2023-11-14,Bli,Plated Abomination Ribcage
2023-11-14,Audem,Rime Covered Mantle
2023-11-14,Hegrid,Rime Covered Mantle
2023-11-14,Gome,Sapphiron's Left Eye
2023-11-14,Mistaveeb,Shroud of Dominion
2023-11-14,Ava,Slayer's Crest
2023-11-14,Tont,Slayer's Crest
2023-11-14,Branremix,The Castigator
2023-11-14,Dinoblunt,The Castigator
2023-11-14,Mictlantecuh,The Castigator
2023-11-14,Gandal,The End of Dreams
2023-11-14,Cleavadge,The Hungering Cold
2023-11-14,Crsw,The Hungering Cold
2023-11-14,Hegrid,The Soul Harvester's Bindings
2023-11-14,Censer,The Widow's Embrace
2023-11-14,Eronimo,Wand of Fates
2023-11-14,Kurdinn,Wand of Fates
2023-11-14,Uwudaddy,Wand of Fates
2023-11-14,Tont,Widow's Remorse
2023-11-14,Burkinafaso,Wraith Blade
2023-11-14,Nineteenhc,Wristguards of Vengeance
2025-05-13,Donfrye,Band of Unnatural Forces
2025-05-13,Donfrye,Band of Unnatural Forces
2025-05-13,Imag,Band of Unnatural Forces
2025-05-13,Jetrho,Claw of the Frost Wyrm
2025-05-13,Branremix,Cloak of Suturing
2025-05-13,Kushcloud,Cloak of the Necropolis
2025-05-13,Slink,Desecrated Robe
2025-05-13,Branremix,Eye of the Dead
2025-05-13,Briseis,Eye of the Dead
2025-05-13,Darkwings,Eye of the Dead
2025-05-13,Dwarfjessus,Eye of the Dead
2025-05-13,Illadelph,Eye of the Dead
2025-05-13,Illadelph,Eye of the Dead
2025-05-13,Reciprocate,Eye of the Dead
2025-05-13,Laroux,Gem of Trapped Innocents
2025-05-13,Laroux,Gem of Trapped Innocents
2025-05-13,Ljiangjun,Gem of Trapped Innocents
2025-05-13,Feq,Girdle of the Mentor
2025-05-13,Borntodiee,Hammer of the Twisting Nether
2025-05-13,Dwarfjessus,Hammer of the Twisting Nether
2025-05-13,Holyfist,Hammer of the Twisting Nether
2025-05-13,Valkyrogue,Harbinger of Doom
2025-05-13,Valoriwar,Hatchet of Sundered Bone
2025-05-13,Abom,"Iblis, Blade of the Fallen Seraph"
2025-05-13,Sixerr,"Iblis, Blade of the Fallen Seraph"
2025-05-13,Oocoocoocoo,Kingsfall
2025-05-13,Oocoocoocoo,Kingsfall
2025-05-13,Slashi,Kingsfall
2025-05-13,Madder,Kiss of the Spider
2025-05-13,Madder,Kiss of the Spider
2025-05-13,Rusti,Kiss of the Spider
2025-05-13,Rusti,Kiss of the Spider
2025-05-13,Slashi,Kiss of the Spider
2025-05-13,Xorkal,Kiss of the Spider
2025-05-13,Xorkal,Kiss of the Spider
2025-05-13,Chimpsmage,Leggings of Polarity
2025-05-13,Avecz,Legplates of Carnage
2025-05-13,Valoriwar,Legplates of Carnage
2025-05-13,Feq,Might of the Scourge
2025-05-13,Bli,Necklace of Necropsy
2025-05-13,Bli,Necklace of Necropsy
2025-05-13,Darkwings,Necklace of Necropsy
2025-05-13,Greybush,Necklace of Necropsy
2025-05-13,Reciprocate,Necklace of Necropsy
2025-05-13,Alpineey,Nerubian Slavemaker
2025-05-13,Mistaveeb,Nerubian Slavemaker
2025-05-13,Mistaveeb,Nerubian Slavemaker
2025-05-13,Avecz,Plated Abomination Ribcage
2025-05-13,Slayy,Plated Abomination Ribcage
2025-05-13,Greybush,Resilience of the Scourge
2025-05-13,Onefiftyone,Rime Covered Mantle
2025-05-13,Slink,Rime Covered Mantle
2025-05-13,Dionefastrgf,Sapphiron's Left Eye
2025-05-13,Dionefastrgf,Sapphiron's Left Eye
2025-05-13,Ljiangjun,Sapphiron's Left Eye
2025-05-13,Borntodiee,Shield of Condemnation
2025-05-13,Novely,Shroud of Dominion
2025-05-13,Sixerr,Shroud of Dominion
2025-05-13,Slayy,Shroud of Dominion
2025-05-13,Valkyrogue,Shroud of Dominion
2025-05-13,Glad,Slayer's Crest
2025-05-13,Novely,Slayer's Crest
2025-05-13,Alpineey,Stormrage's Talisman of Seething
2025-05-13,Glad,Stormrage's Talisman of Seething
2025-05-13,Jetrho,Stormrage's Talisman of Seething
2025-05-13,Abom,The Castigator
2025-05-13,Frostiwarr,The Castigator
2025-05-13,Imag,The Castigator
2025-05-13,Holyfist,The Face of Death
2025-05-13,Briseis,The Restrained Essence of Sapphiron
2025-05-13,Chimpsmage,The Restrained Essence of Sapphiron
2025-05-13,Kushcloud,The Restrained Essence of Sapphiron
2025-05-13,Onefiftyone,The Restrained Essence of Sapphiron
2025-05-13,Frostiwarr,Wristguards of Vengeance
2026-02-10,Chickendude,Band of Unanswered Prayers
2026-02-10,Griezman,Band of Unanswered Prayers
2026-02-10,Twobraids,Band of Unanswered Prayers
2026-02-10,Dilphiv,Band of Unnatural Forces
2026-02-10,Goondini,Band of Unnatural Forces
2026-02-10,Mesmasshuu,Band of Unnatural Forces
2026-02-10,Torreypines,Band of Unnatural Forces
2026-02-10,Aile,Claw of the Frost Wyrm
2026-02-10,Aoeaoeaoeaoe,Cloak of the Necropolis
2026-02-10,Twobraids,Cloak of the Necropolis
2026-02-10,Macthorson,Corrupted Ashbringer
2026-02-10,Numbrodos,Corrupted Ashbringer
2026-02-10,Numbrodos,Corrupted Ashbringer
2026-02-10,Zosokid,Cryptfiend Silk Cloak
2026-02-10,Lepuller,Desecrated Girdle
2026-02-10,Lepuller,Desecrated Tunic
2026-02-10,Messalina,Doomfinger
2026-02-10,Caludin,Eye of the Dead
2026-02-10,Caludin,Eye of the Dead
2026-02-10,Chickendude,Eye of the Dead
2026-02-10,Titiheal,Eye of the Dead
2026-02-10,Deathwishh,Girdle of the Mentor
2026-02-10,Mesmasshuu,Girdle of the Mentor
2026-02-10,Tyranil,Girdle of the Mentor
2026-02-10,Griezman,Hammer of the Twisting Nether
2026-02-10,Lalmoriel,Hammer of the Twisting Nether
2026-02-10,Titiheal,Hammer of the Twisting Nether
2026-02-10,Aile,Harbinger of Doom
2026-02-10,Spectral,"Iblis, Blade of the Fallen Seraph"
2026-02-10,Kennyypowers,Kingsfall
2026-02-10,Abusementpar,Kiss of the Spider
2026-02-10,Anticide,Kiss of the Spider
2026-02-10,Deathwishh,Kiss of the Spider
2026-02-10,Macthorson,Kiss of the Spider
2026-02-10,Tactusaurath,Kiss of the Spider
2026-02-10,Sweetwater,Leggings of Apocalypse
2026-02-10,Enormous,Leggings of Polarity
2026-02-10,Goondini,Legplates of Carnage
2026-02-10,Papafrosty,Legplates of Carnage
2026-02-10,Solidsmtx,Legplates of Carnage
2026-02-10,Tyranil,Legplates of Carnage
2026-02-10,Zosokid,Might of the Scourge
2026-02-10,Skiiska,Necro-Knight's Garb
2026-02-10,Skiiska,Necro-Knight's Garb
2026-02-10,Glad,Nerubian Slavemaker
2026-02-10,Glad,Nerubian Slavemaker
2026-02-10,Kennyypowers,Nerubian Slavemaker
2026-02-10,Papafrosty,Plated Abomination Ribcage
2026-02-10,Sweetwater,Rime Covered Mantle
2026-02-10,Babylemonade,Sapphiron's Left Eye
2026-02-10,Enormous,Seal of the Damned
2026-02-10,Slout,Shroud of Dominion
2026-02-10,Dilphiv,Slayer's Crest
2026-02-10,Rusti,Slayer's Crest
2026-02-10,Rusti,Slayer's Crest
2026-02-10,Slout,Slayer's Crest
2026-02-10,Solidsmtx,Slayer's Crest
2026-02-10,Tactusaurath,Slayer's Crest
2026-02-10,Torreypines,Slayer's Crest
2026-02-10,Anticide,Stormrage's Talisman of Seething
2026-02-10,Abusementpar,The Castigator
2026-02-10,Gvains,The End of Dreams
2026-02-10,Hurb,The Phylactery of Kel'Thuzad
2026-02-10,Aoeaoeaoeaoe,The Restrained Essence of Sapphiron
2026-02-10,Babylemonade,The Restrained Essence of Sapphiron
2026-02-10,Cartmanbrah,The Restrained Essence of Sapphiron
2026-02-10,Cartmanbrah,The Restrained Essence of Sapphiron
2026-02-10,Chimpsmage,The Restrained Essence of Sapphiron
2026-02-10,Kushcloud,The Soul Harvester's Bindings
2026-02-10,Kushcloud,The Soul Harvester's Bindings
2026-02-10,Lalmoriel,The Widow's Embrace
2026-02-10,Gvains,Veil of Eclipse
2026-02-10,Hurb,Widow's Remorse
2026-02-10,Chimpsmage,Wraith Blade
2026-02-10,Messalina,Wraith Blade
2026-02-10,Spectral,Wristguards of Vengeance
2024-01-16,Gandal,Band of Unanswered Prayers
2024-01-16,Bli,Band of Unnatural Forces
2024-01-16,Thorgena,Band of Unnatural Forces
2024-01-16,Kurdinn,Band of the Inevitable
2024-01-16,Rosevelt,Brimstone Staff
2024-01-16,Briseis,Cloak of the Necropolis
2024-01-16,Censer,Corrupted Ashbringer
2024-01-16,Dreamer,Desecrated Boots
2024-01-16,Waumbek,Desecrated Boots
2024-01-16,Bojjo,Desecrated Circlet
2024-01-16,Airz,Desecrated Headpiece
2024-01-16,Bojjo,Desecrated Robe
2024-01-16,Gome,Desecrated Robe
2024-01-16,Holysheet,Desecrated Robe
2024-01-16,Skiiska,Desecrated Sandals
2024-01-16,Impax,Desecrated Shoulderpads
2024-01-16,Ruug,Desecrated Spaulders
2024-01-16,Gome,Doomfinger
2024-01-16,Dreamer,Eye of the Dead
2024-01-16,Holysheet,Eye of the Dead
2024-01-16,Integrity,Eye of the Dead
2024-01-16,Mìlfurion,Ghoul Skin Tunic
2024-01-16,Branremix,Girdle of the Mentor
2024-01-16,Branremix,Girdle of the Mentor
2024-01-16,Chims,Girdle of the Mentor
2024-01-16,Censer,Hammer of the Twisting Nether
2024-01-16,Skiiska,Hammer of the Twisting Nether
2024-01-16,Dirtydeeds,Harbinger of Doom
2024-01-16,Checkursix,"Iblis, Blade of the Fallen Seraph"
2024-01-16,Dirtydeeds,Kingsfall
2024-01-16,Abusementprk,Kiss of the Spider
2024-01-16,Alpineey,Kiss of the Spider
2024-01-16,Chims,Kiss of the Spider
2024-01-16,Cleavadge,Kiss of the Spider
2024-01-16,Knumb,Kiss of the Spider
2024-01-16,Nineteenalt,Kiss of the Spider
2024-01-16,Mìlfurion,Leggings of Apocalypse
2024-01-16,Rootz,Leggings of Apocalypse
2024-01-16,Rootz,Leggings of Apocalypse
2024-01-16,Briseis,Leggings of Polarity
2024-01-16,Avecz,Legplates of Carnage
2024-01-16,Mictlantecuh,Legplates of Carnage
2024-01-16,Airz,Might of Menethil
2024-01-16,Avecz,Might of the Scourge
2024-01-16,Cleavadge,Might of the Scourge
2024-01-16,Zenz,Misplaced Servo Arm
2024-01-16,Ruug,Nerubian Slavemaker
2024-01-16,Knumb,Plated Abomination Ribcage
2024-01-16,Thorgena,Plated Abomination Ribcage
2024-01-16,Mainevent,Ring of Faith
2024-01-16,Burkinafaso,Sapphiron's Left Eye
2024-01-16,Mainevent,Sapphiron's Right Eye
2024-01-16,Kurdinn,Seal of the Damned
2024-01-16,Integrity,Shield of Condemnation
2024-01-16,Pogg,Shroud of Dominion
2024-01-16,Ratbag,Shroud of Dominion
2024-01-16,Alpineey,Slayer's Crest
2024-01-16,Checkursix,Slayer's Crest
2024-01-16,Farquaad,Slayer's Crest
2024-01-16,Farquaad,Slayer's Crest
2024-01-16,Ratbag,Slayer's Crest
2024-01-16,Bli,Soulstring
2024-01-16,Nineteenalt,Stormrage's Talisman of Seething
2024-01-16,Pogg,Stormrage's Talisman of Seething
2024-01-16,Mictlantecuh,The Castigator
2024-01-16,Mistaveeb,The Castigator
2024-01-16,Zenz,The Castigator
2024-01-16,Waumbek,The End of Dreams
2024-01-16,Abusementprk,The Face of Death
2024-01-16,Impax,The Phylactery of Kel'Thuzad
2024-01-16,Baalthazar,The Restrained Essence of Sapphiron
2024-01-16,Baalthazar,The Restrained Essence of Sapphiron
2024-01-16,Gandal,The Restrained Essence of Sapphiron
2024-01-16,Jensin,The Restrained Essence of Sapphiron
2024-01-16,Jensin,The Restrained Essence of Sapphiron
2024-01-16,Rosevelt,Wand of Fates
2024-01-16,Uwudaddy,Wand of Fates
2024-01-16,Uwudaddy,Wand of Fates
2024-01-16,Burkinafaso,Wraith Blade
2024-01-16,Mistaveeb,Wristguards of Vengeance
2024-10-08,Pacho,Band of Unanswered Prayers
2024-10-08,Abráms,Band of Unnatural Forces
2024-10-08,Feq,Band of Unnatural Forces
2024-10-08,Finesse,Band of Unnatural Forces
2024-10-08,Prunes,Boots of Displacement
2024-10-08,Gugsx,Claw of the Frost Wyrm
2024-10-08,Uwudaddy,Cloak of the Necropolis
2024-10-08,Pacho,Corrupted Ashbringer
2024-10-08,Moonee,Cryptfiend Silk Cloak
2024-10-08,Chimpsmage,Doomfinger
2024-10-08,Mistav,Eye of the Dead
2024-10-08,Mistav,Eye of the Dead
2024-10-08,Nineteenxx,Eye of the Dead
2024-10-08,Nineteenxx,Eye of the Dead
2024-10-08,Shaala,Eye of the Dead
2024-10-08,Shaala,Eye of the Dead
2024-10-08,Michaelre,Girdle of the Mentor
2024-10-08,Impax,Hailstone Band
2024-10-08,Impax,Hailstone Band
2024-10-08,Bigpapichulo,Hammer of the Twisting Nether
2024-10-08,Bigpapichulo,Hammer of the Twisting Nether
2024-10-08,Burkhealz,Hammer of the Twisting Nether
2024-10-08,Nanaxxex,Hammer of the Twisting Nether
2024-10-08,Rusti,"Iblis, Blade of the Fallen Seraph"
2024-10-08,Slashi,"Iblis, Blade of the Fallen Seraph"
2024-10-08,Checkursix,Kingsfall
2024-10-08,Alpineey,Kiss of the Spider
2024-10-08,Alpineey,Kiss of the Spider
2024-10-08,Finesse,Kiss of the Spider
2024-10-08,Glad,Kiss of the Spider
2024-10-08,Glad,Kiss of the Spider
2024-10-08,Knumb,Kiss of the Spider
2024-10-08,Lebabex,Kiss of the Spider
2024-10-08,Pogg,Kiss of the Spider
2024-10-08,Rusti,Kiss of the Spider
2024-10-08,Toxicalover,Kiss of the Spider
2024-10-08,Briseis,Leggings of Polarity
2024-10-08,Dionefastrgf,Leggings of Polarity
2024-10-08,Donzonæq,Leggings of Polarity
2024-10-08,Trine,Leggings of Polarity
2024-10-08,Moonee,Legplates of Carnage
2024-10-08,Arizana,Might of Menethil
2024-10-08,Gugsx,Might of the Scourge
2024-10-08,Pogg,Might of the Scourge
2024-10-08,Slashi,Might of the Scourge
2024-10-08,Reciprocate,Misplaced Servo Arm
2024-10-08,Nanaxxex,Necklace of Necropsy
2024-10-08,Lebabex,Nerubian Slavemaker
2024-10-08,Bojjo,Preceptor's Hat
2024-10-08,Dionefastrgf,Rime Covered Mantle
2024-10-08,Pushw,Sadist's Collar
2024-10-08,Donzonæq,Sapphiron's Left Eye
2024-10-08,Reciprocate,Shield of Condemnation
2024-10-08,Feq,Shroud of Dominion
2024-10-08,Knumb,Slayer's Crest
2024-10-08,Rootz,Slayer's Crest
2024-10-08,Rootz,Slayer's Crest
2024-10-08,Saladblesing,Slayer's Crest
2024-10-08,Saladblesing,Slayer's Crest
2024-10-08,Toxicalover,Slayer's Crest
2024-10-08,Tuu,Soulstring
2024-10-08,Tuu,Soulstring
2024-10-08,Abráms,Stormrage's Talisman of Seething
2024-10-08,Abusementprk,Stormrage's Talisman of Seething
2024-10-08,Arizana,Stormrage's Talisman of Seething
2024-10-08,Checkursix,Stormrage's Talisman of Seething
2024-10-08,Michaelre,The Castigator
2024-10-08,Pushw,The Face of Death
2024-10-08,Waumbek,The Plague Bearer
2024-10-08,Briseis,The Restrained Essence of Sapphiron
2024-10-08,Chimpsmage,The Restrained Essence of Sapphiron
2024-10-08,Hegrid,The Restrained Essence of Sapphiron
2024-10-08,Hegrid,The Restrained Essence of Sapphiron
2024-10-08,Trine,The Restrained Essence of Sapphiron
2024-10-08,Uwudaddy,The Restrained Essence of Sapphiron
2024-10-08,Waumbek,The Soul Harvester's Bindings
2024-10-08,Bojjo,Wand of Fates
2024-10-08,Burkhealz,Wand of the Whispering Dead
2024-10-08,Prunes,Warmth of Forgiveness
2024-10-08,Abusementprk,Wristguards of Vengeance
2025-06-17,Donzon,Band of Reanimation
2025-06-17,Alpineeyy,Band of Unnatural Forces
2025-06-17,Deltgodx,Band of Unnatural Forces
2025-06-17,Gaussxo,Band of Unnatural Forces
2025-06-17,Slashi,Band of Unnatural Forces
2025-06-17,Thorgenie,Band of Unnatural Forces
2025-06-17,Reciprocate,Cloak of Suturing
2025-06-17,Badhygiene,Cloak of the Necropolis
2025-06-17,Chimpsmage,Cloak of the Necropolis
2025-06-17,Reciprocate,Corrupted Ashbringer
2025-06-17,Deadcoiles,Desecrated Robe
2025-06-17,Borntodiee,Eye of the Dead
2025-06-17,Briseis,Eye of the Dead
2025-06-17,Darkwings,Eye of the Dead
2025-06-17,Donfrye,Eye of the Dead
2025-06-17,Greybush,Eye of the Dead
2025-06-17,Torreypines,Girdle of the Mentor
2025-06-17,Borntodiee,Hammer of the Twisting Nether
2025-06-17,Darkwings,Hammer of the Twisting Nether
2025-06-17,Donfrye,Hammer of the Twisting Nether
2025-06-17,Holyfist,Hammer of the Twisting Nether
2025-06-17,Holyfist,Hammer of the Twisting Nether
2025-06-17,Feq,Hatchet of Sundered Bone
2025-06-17,Abom,"Iblis, Blade of the Fallen Seraph"
2025-06-17,Bli,"Iblis, Blade of the Fallen Seraph"
2025-06-17,Marcomanni,"Iblis, Blade of the Fallen Seraph"
2025-06-17,Marcomanni,"Iblis, Blade of the Fallen Seraph"
2025-06-17,Abom,Kiss of the Spider
2025-06-17,Dilphiv,Kiss of the Spider
2025-06-17,Gaussxo,Kiss of the Spider
2025-06-17,Huxli,Kiss of the Spider
2025-06-17,Huxli,Kiss of the Spider
2025-06-17,Madder,Kiss of the Spider
2025-06-17,Madder,Kiss of the Spider
2025-06-17,Slashi,Kiss of the Spider
2025-06-17,Bli,Leggings of Apocalypse
2025-06-17,Uwudaddy,Leggings of Polarity
2025-06-17,Abusementprk,Legplates of Carnage
2025-06-17,Torreypines,Legplates of Carnage
2025-06-17,Ghili,Might of the Scourge
2025-06-17,Imag,Might of the Scourge
2025-06-17,Greybush,Necklace of Necropsy
2025-06-17,Abusementprk,Nerubian Slavemaker
2025-06-17,Donzon,Nerubian Slavemaker
2025-06-17,Ghili,Nerubian Slavemaker
2025-06-17,Onefiftyone,Rime Covered Mantle
2025-06-17,Alpineeyy,Shroud of Dominion
2025-06-17,Toxicalover,Shroud of Dominion
2025-06-17,Deltgodx,Slayer's Crest
2025-06-17,Glad,Slayer's Crest
2025-06-17,Glad,Slayer's Crest
2025-06-17,Rusti,Slayer's Crest
2025-06-17,Thorgenie,Slayer's Crest
2025-06-17,Jetrho,Stormrage's Talisman of Seething
2025-06-17,Jetrho,Stormrage's Talisman of Seething
2025-06-17,Rusti,Stormrage's Talisman of Seething
2025-06-17,Toxicalover,Stormrage's Talisman of Seething
2025-06-17,Dilphiv,The Castigator
2025-06-17,Imag,The Castigator
2025-06-17,Feq,The Face of Death
2025-06-17,Badhygiene,The Restrained Essence of Sapphiron
2025-06-17,Briseis,The Restrained Essence of Sapphiron
2025-06-17,Chimpsmage,The Restrained Essence of Sapphiron
2025-06-17,Kurdinn,The Restrained Essence of Sapphiron
2025-06-17,Kurdinn,The Restrained Essence of Sapphiron
2025-06-17,Kushcloud,The Restrained Essence of Sapphiron
2025-06-17,Onefiftyone,The Restrained Essence of Sapphiron
2025-06-17,Trine,The Restrained Essence of Sapphiron
2025-06-17,Trine,The Restrained Essence of Sapphiron
2025-06-17,Uwudaddy,The Restrained Essence of Sapphiron
2025-06-17,Zerpym,The Restrained Essence of Sapphiron
2025-06-17,Zerpym,The Restrained Essence of Sapphiron
2025-06-17,Kushcloud,The Soul Harvester's Bindings
2025-06-17,Deadcoiles,Wand of Fates
2026-02-03,Caludin,Band of Unanswered Prayers
2026-02-03,Dilphiv,Band of Unnatural Forces
2026-02-03,Mesmasshuu,Band of Unnatural Forces
2026-02-03,Torreypines,Band of Unnatural Forces
2026-02-03,Chickendude,Cloak of Suturing
2026-02-03,Redmangold,Cloak of the Necropolis
2026-02-03,Chickendude,Desecrated Tunic
2026-02-03,Donzonæq,Eye of Diminution
2026-02-03,Branremix,Eye of the Dead
2026-02-03,Caludin,Eye of the Dead
2026-02-03,Dwreckd,Eye of the Dead
2026-02-03,Griezman,Eye of the Dead
2026-02-03,Alyxriel,Girdle of the Mentor
2026-02-03,Deathwishh,Girdle of the Mentor
2026-02-03,Madder,Girdle of the Mentor
2026-02-03,Mesmasshuu,Girdle of the Mentor
2026-02-03,Dwreckd,Hammer of the Twisting Nether
2026-02-03,Lalmoriel,Hammer of the Twisting Nether
2026-02-03,Aile,Harbinger of Doom
2026-02-03,Samul,Hatchet of Sundered Bone
2026-02-03,Goondini,"Iblis, Blade of the Fallen Seraph"
2026-02-03,Kennyypowers,Kingsfall
2026-02-03,Yasuke,Kingsfall
2026-02-03,Abusementpar,Kiss of the Spider
2026-02-03,Andragan,Kiss of the Spider
2026-02-03,Deathwishh,Kiss of the Spider
2026-02-03,Microgodx,Kiss of the Spider
2026-02-03,Microgodx,Kiss of the Spider
2026-02-03,Moonee,Kiss of the Spider
2026-02-03,Necropharus,Kiss of the Spider
2026-02-03,Necropharus,Kiss of the Spider
2026-02-03,Zosokid,Leggings of Apocalypse
2026-02-03,Streetaco,Leggings of Polarity
2026-02-03,Alyxriel,Legplates of Carnage
2026-02-03,Moonee,Legplates of Carnage
2026-02-03,Zosokid,Might of the Scourge
2026-02-03,Aile,Misplaced Servo Arm
2026-02-03,Glad,Nerubian Slavemaker
2026-02-03,Glad,Nerubian Slavemaker
2026-02-03,Kennyypowers,Nerubian Slavemaker
2026-02-03,Lepuller,Nerubian Slavemaker
2026-02-03,Lepuller,Nerubian Slavemaker
2026-02-03,Madder,Nerubian Slavemaker
2026-02-03,Slout,Nerubian Slavemaker
2026-02-03,Samul,Plated Abomination Ribcage
2026-02-03,Belsambar,Ring of Faith
2026-02-03,Babylemonade,Sapphiron's Left Eye
2026-02-03,Belsambar,Sapphiron's Right Eye
2026-02-03,Donzonæq,Seal of the Damned
2026-02-03,Griezman,Shield of Condemnation
2026-02-03,Dwama,Shroud of Dominion
2026-02-03,Yasuke,Shroud of Dominion
2026-02-03,Abusementpar,Slayer's Crest
2026-02-03,Branremix,Slayer's Crest
2026-02-03,Dilphiv,Slayer's Crest
2026-02-03,Rusti,Slayer's Crest
2026-02-03,Rusti,Slayer's Crest
2026-02-03,Slout,Slayer's Crest
2026-02-03,Torreypines,Slayer's Crest
2026-02-03,Dwama,Stormrage's Talisman of Seething
2026-02-03,Solidsmtx,Stormrage's Talisman of Seething
2026-02-03,Goondini,The Castigator
2026-02-03,Babylemonade,The Restrained Essence of Sapphiron
2026-02-03,Chimpsmage,The Restrained Essence of Sapphiron
2026-02-03,Gaussxd,The Restrained Essence of Sapphiron
2026-02-03,Gaussxd,The Restrained Essence of Sapphiron
2026-02-03,Redmangold,The Restrained Essence of Sapphiron
2026-02-03,Battlemagus,The Soul Harvester's Bindings
2026-02-03,Kushcloud,The Soul Harvester's Bindings
2026-02-03,Kushcloud,The Soul Harvester's Bindings
2026-02-03,Lalmoriel,The Widow's Embrace
2026-02-03,Chimpsmage,Wraith Blade
2026-02-03,Streetaco,Wraith Blade
2026-02-03,Andragan,Wristguards of Vengeance
2024-06-18,Spankthetank,Band of Unanswered Prayers
2024-06-18,Chims,Band of Unnatural Forces
2024-06-18,Chims,Band of Unnatural Forces
2024-06-18,Mictlantecuh,Band of Unnatural Forces
2024-06-18,Rootz,Band of Unnatural Forces
2024-06-18,Rootz,Band of Unnatural Forces
2024-06-18,Vanishh,Band of Unnatural Forces
2024-06-18,Onefiftyone,Cloak of Suturing
2024-06-18,Onefiftyone,Cloak of Suturing
2024-06-18,Spacepimp,Corrupted Ashbringer
2024-06-18,Frostydragon,Desecrated Circlet
2024-06-18,Stickylicky,Desecrated Leggings
2024-06-18,Frostydragon,Desecrated Robe
2024-06-18,Miltonmane,Desecrated Tunic
2024-06-18,Burkinafaso,Doomfinger
2024-06-18,Amberturd,Eye of the Dead
2024-06-18,Lilanni,Eye of the Dead
2024-06-18,Shaala,Eye of the Dead
2024-06-18,Shaala,Eye of the Dead
2024-06-18,Stickylicky,Eye of the Dead
2024-06-18,Gandal,Gem of Trapped Innocents
2024-06-18,Dmackk,Girdle of the Mentor
2024-06-18,Feq,Girdle of the Mentor
2024-06-18,Rickytanx,Girdle of the Mentor
2024-06-18,Amberturd,Hammer of the Twisting Nether
2024-06-18,Bli,Hammer of the Twisting Nether
2024-06-18,Lilanni,Hammer of the Twisting Nether
2024-06-18,Miltonmane,Hammer of the Twisting Nether
2024-06-18,Spacepimp,Hammer of the Twisting Nether
2024-06-18,Orcbane,Hatchet of Sundered Bone
2024-06-18,Checkursix,"Iblis, Blade of the Fallen Seraph"
2024-06-18,Dripstyle,"Iblis, Blade of the Fallen Seraph"
2024-06-18,Finesse,"Iblis, Blade of the Fallen Seraph"
2024-06-18,Jetrho,Kingsfall
2024-06-18,Abusementprk,Kiss of the Spider
2024-06-18,Abusementprk,Kiss of the Spider
2024-06-18,Dripstyle,Kiss of the Spider
2024-06-18,Finesse,Kiss of the Spider
2024-06-18,Mictlantecuh,Kiss of the Spider
2024-06-18,Pogg,Kiss of the Spider
2024-06-18,Rickytanx,Kiss of the Spider
2024-06-18,Burkinafaso,Leggings of Polarity
2024-06-18,Feq,Legplates of Carnage
2024-06-18,Ábrams,Legplates of Carnage
2024-06-18,Arizana,Might of Menethil
2024-06-18,Branremix,Might of Menethil
2024-06-18,Waumbek,Might of Menethil
2024-06-18,Alpineey,Might of the Scourge
2024-06-18,Bli,Nerubian Slavemaker
2024-06-18,Glad,Plated Abomination Ribcage
2024-06-18,Bojjo,Sapphiron's Left Eye
2024-06-18,Impax,Sapphiron's Left Eye
2024-06-18,Impax,Sapphiron's Left Eye
2024-06-18,Pandaheals,Sapphiron's Right Eye
2024-06-18,Bojjo,Seal of the Damned
2024-06-18,Dmackk,Shroud of Dominion
2024-06-18,Mistaveeb,Shroud of Dominion
2024-06-18,Ábrams,Shroud of Dominion
2024-06-18,Branremix,Slayer's Crest
2024-06-18,Jetrho,Slayer's Crest
2024-06-18,Nineteenalt,Slayer's Crest
2024-06-18,Nineteenalt,Slayer's Crest
2024-06-18,Pogg,Slayer's Crest
2024-06-18,Ruug,Slayer's Crest
2024-06-18,Ruug,Slayer's Crest
2024-06-18,Vanishh,Slayer's Crest
2024-06-18,Alpineey,Stormrage's Talisman of Seething
2024-06-18,Mistaveeb,Stormrage's Talisman of Seething
2024-06-18,Aleice,The Castigator
2024-06-18,Glad,The Castigator
2024-06-18,Orcbane,The Phylactery of Kel'Thuzad
2024-06-18,Waumbek,The Restrained Essence of Sapphiron
2024-06-18,Spankthetank,The Widow's Embrace
2024-06-18,Gandal,Veil of Eclipse
2024-06-18,Gome,Wand of Fates
2024-06-18,Gome,Wand of Fates
2024-06-18,Pandaheals,Wand of the Whispering Dead
2024-06-18,Checkursix,Widow's Remorse
2024-06-18,Aleice,Wristguards of Vengeance
2024-06-18,Arizana,Wristguards of Vengeance
2024-02-21,Skiiska,Band of Unanswered Prayers
2024-02-21,Mictlantecuh,Band of Unnatural Forces
2024-02-21,Pogg,Band of Unnatural Forces
2024-02-21,Rootz,Band of Unnatural Forces
2024-02-21,Waumbek,Belt of the Grand Crusader
2024-02-21,Runtzxcookie,Brimstone Staff
2024-02-21,Impax,Cloak of the Necropolis
2024-02-21,Yagå,Corrupted Ashbringer
2024-02-21,Jensin,Desecrated Circlet
2024-02-21,Bojjo,Desecrated Robe
2024-02-21,Burkinafaso,Desecrated Robe
2024-02-21,Onefiftyone,Desecrated Shoulderpads
2024-02-21,Gome,Doomfinger
2024-02-21,Gome,Doomfinger
2024-02-21,Integrity,Eye of the Dead
2024-02-21,Nineteenxx,Eye of the Dead
2024-02-21,Nineteenxx,Eye of the Dead
2024-02-21,Onefiftyone,Eye of the Dead
2024-02-21,Impax,Gem of Trapped Innocents
2024-02-21,Chims,Girdle of the Mentor
2024-02-21,Amberturd,Hammer of the Twisting Nether
2024-02-21,Amberturd,Hammer of the Twisting Nether
2024-02-21,Mae,Hammer of the Twisting Nether
2024-02-21,Prunes,Hammer of the Twisting Nether
2024-02-21,Prunes,Hammer of the Twisting Nether
2024-02-21,Dirtydëëds,Harbinger of Doom
2024-02-21,Rickytanx,Hatchet of Sundered Bone
2024-02-21,Yagå,Hatchet of Sundered Bone
2024-02-21,Alpineey,"Iblis, Blade of the Fallen Seraph"
2024-02-21,Alzera,"Iblis, Blade of the Fallen Seraph"
2024-02-21,Checkursix,"Iblis, Blade of the Fallen Seraph"
2024-02-21,Vanishh,"Iblis, Blade of the Fallen Seraph"
2024-02-21,Ruug,Kingsfall
2024-02-21,Abusementprk,Kiss of the Spider
2024-02-21,Dinoblunt,Kiss of the Spider
2024-02-21,Knumb,Kiss of the Spider
2024-02-21,Mcballs,Kiss of the Spider
2024-02-21,Rickytanx,Kiss of the Spider
2024-02-21,Vanishh,Kiss of the Spider
2024-02-21,Runtzxcookie,Leggings of Polarity
2024-02-21,Mistaveeb,Legplates of Carnage
2024-02-21,Airz,Might of Menethil
2024-02-21,Airz,Might of Menethil
2024-02-21,Branremix,Might of Menethil
2024-02-21,Cleavadge,Might of the Scourge
2024-02-21,Farquaad,Might of the Scourge
2024-02-21,Farquaad,Might of the Scourge
2024-02-21,Ruug,Nerubian Slavemaker
2024-02-21,Skiiska,Ring of Faith
2024-02-21,Burkinafaso,Sapphiron's Left Eye
2024-02-21,Reflex,Sapphiron's Right Eye
2024-02-21,Uwudaddy,Seal of the Damned
2024-02-21,Bli,Shroud of Dominion
2024-02-21,Bli,Shroud of Dominion
2024-02-21,Pogg,Shroud of Dominion
2024-02-21,Abusementprk,Slayer's Crest
2024-02-21,Checkursix,Slayer's Crest
2024-02-21,Mcballs,Slayer's Crest
2024-02-21,Rootz,Slayer's Crest
2024-02-21,Branremix,Stormrage's Talisman of Seething
2024-02-21,Dirtydëëds,Stormrage's Talisman of Seething
2024-02-21,Integrity,Stormrage's Talisman of Seething
2024-02-21,Mictlantecuh,Stormrage's Talisman of Seething
2024-02-21,Alpineey,The Castigator
2024-02-21,Dinoblunt,The Castigator
2024-02-21,Waumbek,The Face of Death
2024-02-21,Chims,The Phylactery of Kel'Thuzad
2024-02-21,Gandal,The Restrained Essence of Sapphiron
2024-02-21,Gandal,The Restrained Essence of Sapphiron
2024-02-21,Hegred,The Restrained Essence of Sapphiron
2024-02-21,Hegred,The Restrained Essence of Sapphiron
2024-02-21,Mae,The Restrained Essence of Sapphiron
2024-02-21,Uwudaddy,Wand of Fates
2024-02-21,Reflex,Wand of the Whispering Dead
2024-02-21,Jensin,Warmth of Forgiveness
2024-02-21,Alzera,Widow's Remorse
2024-02-21,Bojjo,Wraith Blade
2024-02-21,Cleavadge,Wristguards of Vengeance
2024-02-21,Knumb,Wristguards of Vengeance
2024-02-21,Mistaveeb,Wristguards of Vengeance
2023-08-23,Baldbro,Band of Unanswered Prayers
2023-08-23,Bluntedstunt,Band of Unanswered Prayers
2023-08-23,Cainbaid,Band of Unanswered Prayers
2023-08-23,Cosmicheals,Band of Unanswered Prayers
2023-08-23,Fluttershye,Band of Unanswered Prayers
2023-08-23,Mae,Band of Unanswered Prayers
2023-08-23,Azzereth,Band of the Inevitable
2023-08-23,Gome,Band of the Inevitable
2023-08-23,Solanachain,Cloak of the Scourge
2023-08-23,Gandal,Crystal Webbed Robe
2023-08-23,Hegred,Crystal Webbed Robe
2023-08-23,Gome,Desecrated Belt
2023-08-23,Kurdinn,Desecrated Belt
2023-08-23,Saacon,Desecrated Belt
2023-08-23,Kurdinn,Desecrated Bindings
2023-08-23,Farquaad,Desecrated Boots
2023-08-23,Waumbek,Desecrated Boots
2023-08-23,Criptonico,Desecrated Bracers
2023-08-23,Explore,Desecrated Bracers
2023-08-23,Marci,Desecrated Bracers
2023-08-23,Accrohaizaa,Desecrated Girdle
2023-08-23,Integrity,Desecrated Girdle
2023-08-23,Auntjamal,Desecrated Gloves
2023-08-23,Mashle,Desecrated Gloves
2023-08-23,Tekilalove,Desecrated Gloves
2023-08-23,Integrity,Desecrated Handguards
2023-08-23,Cainbaid,Desecrated Sandals
2023-08-23,Falariss,Desecrated Waistguard
2023-08-23,Accrohaizaa,Desecrated Wristguards
2023-08-23,Nabdru,Ghoul Skin Tunic
2023-08-23,Locope,Girdle of the Mentor
2023-08-23,Paendrag,Harbinger of Doom
2023-08-23,Farquaad,Hatchet of Sundered Bone
2023-08-23,Mictlantecuh,Hatchet of Sundered Bone
2023-08-23,Qtplants,Hatchet of Sundered Bone
2023-08-23,Qtplants,"Iblis, Blade of the Fallen Seraph"
2023-08-23,Criptonico,Kiss of the Spider
2023-08-23,Dripstyle,Kiss of the Spider
2023-08-23,Explore,Kiss of the Spider
2023-08-23,Nabdru,Kiss of the Spider
2023-08-23,Stupidicus,Kiss of the Spider
2023-08-23,Tont,Kiss of the Spider
2023-08-23,Bethaylorn,Legplates of Carnage
2023-08-23,Dripstyle,Legplates of Carnage
2023-08-23,Locope,Legplates of Carnage
2023-08-23,Baldbro,Libram of Light
2023-08-23,Mae,Libram of Light
2023-08-23,Falariss,Maexxna's Fang
2023-08-23,Ongfr,Maexxna's Fang
2023-08-23,Paendrag,Maexxna's Fang
2023-08-23,Cleavadge,Misplaced Servo Arm
2023-08-23,Smouse,Misplaced Servo Arm
2023-08-23,Waumbek,Necklace of Necropsy
2023-08-23,Gandal,Necro-Knight's Garb
2023-08-23,Thurgood,Noth's Frigid Heart
2023-08-23,Smouse,Polar Shoulder Pads
2023-08-23,Hegred,Preceptor's Hat
2023-08-23,Auntjamal,Ring of the Eternal Flame
2023-08-23,Bluntedstunt,The Widow's Embrace
2023-08-23,Cosmicheals,The Widow's Embrace
2023-08-23,Fluttershye,The Widow's Embrace
2023-08-23,Thurgood,The Widow's Embrace
2023-08-23,Bethaylorn,Widow's Remorse
2023-08-23,Marci,Widow's Remorse
2023-08-23,Ongfr,Widow's Remorse
2023-08-23,Panduuh,Widow's Remorse
2023-08-23,Panduuh,Widow's Remorse
2023-08-23,Solanachain,Widow's Remorse
2023-08-23,Tont,Widow's Remorse
2023-08-23,Audem,Wraith Blade
2023-08-23,Audem,Wraith Blade
2023-08-23,Azzereth,Wraith Blade
2023-08-23,Mashle,Wraith Blade
2023-08-23,Saacon,Wraith Blade
2023-08-23,Tekilalove,Wraith Blade
2023-08-23,Bli,Wristguards of Vengeance
2023-08-23,Bli,Wristguards of Vengeance
2023-08-23,Cleavadge,Wristguards of Vengeance
2023-08-23,Mictlantecuh,Wristguards of Vengeance
2023-08-23,Stupidicus,Wristguards of Vengeance
